0.864691 -69.3156 442.302
0.80757 -68.9681 429.939
0.749186 -68.5898 418.844
0.760177 -68.0929 407.038
0.706208 -67.5024 394.555
0.744886 -66.8425 381.947
0.710691 -66.211 371.238
0.664334 -65.4342 359.544
0.653065 -64.6154 348.734
0.668818 -63.7585 337.4
0.636579 -62.8152 326.946
0.627579 -61.6975 314.969
0.628853 -60.6179 303.596
0.635199 -59.4979 292.623
0.647731 -58.3457 282.532
0.643316 -57.1269 271.593
0.625407 -55.7945 260.374
0.636174 -54.3819 249.724
0.613929 -52.9711 239.088
0.617316 -51.4782 228.492
0.600955 -49.9505 218.435
0.602278 -48.3875 207.756
0.573557 -46.704 197.505
0.598598 -45.0336 187.128
0.610585 -43.2806 176.862
0.621719 -41.6338 168.074
0.62472 -39.3032 154.331
0.602851 -37.077 144.064

