0.999935 -0.00300644 0.0110092 0.0577586 0.00299532 0.999995 0.00102622 -0.0126702 -0.0110122 -0.000993176 0.999939 0.99825
0.999835 -0.00656346 0.0169559 0.126342 0.00654354 0.999978 0.00123008 -0.0340952 -0.0169636 -0.00111892 0.999855 1.99567
0.99977 -0.00941813 0.0192877 0.156945 0.00942525 0.999956 -0.000278307 -0.0359722 -0.0192843 0.000460034 0.999814 2.9952
0.999795 -0.0109749 0.0170183 0.171603 0.011009 0.999938 -0.00191307 -0.0390771 -0.0169962 0.00210003 0.999853 3.99508
0.999852 -0.0137644 0.0103459 0.181369 0.0137993 0.999899 -0.00330541 -0.0461016 -0.0102994 0.00344769 0.999941 4.99501
0.999874 -0.0157061 -0.00215571 0.178616 0.0156941 0.999862 -0.00544843 -0.0483366 0.00224098 0.00541391 0.999983 5.995
0.99972 -0.0145719 -0.0186426 0.12942 0.0144672 0.999879 -0.00573883 -0.0556185 0.0187239 0.00546751 0.99981 6.99377
0.99926 -0.00976256 -0.0372167 -0.0222777 0.00957003 0.99994 -0.00534786 -0.0861529 0.0372667 0.00498774 0.999293 7.98172
0.998275 -0.00960017 -0.0579226 -0.11921 0.00925562 0.999938 -0.00621379 -0.110823 0.0579786 0.00566696 0.998302 8.97671
0.997013 -0.00802986 -0.0768161 -0.277195 0.00754504 0.99995 -0.00659952 -0.127351 0.0768653 0.00600023 0.997023 9.96401
0.995154 -0.00901235 -0.0979102 -0.370961 0.00839527 0.999942 -0.00671271 -0.115503 0.097965 0.0058582 0.995173 10.9595
0.993164 -0.0077111 -0.116475 -0.510729 0.00704296 0.999956 -0.00614685 -0.119802 0.116518 0.0052845 0.993175 11.9497
0.990945 -0.00681904 -0.134095 -0.690346 0.0061324 0.999966 -0.00553287 -0.135924 0.134128 0.00466044 0.990953 12.9333
0.988681 -0.00630532 -0.149903 -0.867708 0.00564512 0.999972 -0.00482928 -0.153661 0.14993 0.00392839 0.988689 13.9173
0.986407 -0.00743904 -0.164149 -1.04195 0.00669831 0.999965 -0.00506558 -0.16755 0.164181 0.0038972 0.986423 14.9019
0.984313 -0.00889377 -0.176208 -1.23502 0.00800715 0.999951 -0.00574207 -0.18952 0.17625 0.00424107 0.984336 15.8828
0.982415 -0.0135247 -0.186221 -1.42674 0.0122243 0.999892 -0.00812967 -0.205785 0.186311 0.00571028 0.982474 16.8642
0.980844 -0.0130121 -0.194361 -1.61949 0.0111979 0.999883 -0.0104303 -0.21234 0.194474 0.0080541 0.980875 17.8454
0.979427 -0.0130001 -0.201379 -1.85432 0.0108102 0.99987 -0.0119702 -0.229262 0.201509 0.00954695 0.97944 18.8173
0.97757 -0.0127703 -0.210221 -2.00804 0.0097859 0.999836 -0.0152305 -0.231267 0.210381 0.0128316 0.977535 19.8054
0.975847 -0.0160751 -0.217861 -2.22841 0.0126449 0.999773 -0.01713 -0.247653 0.218087 0.0139614 0.97583 20.7807
0.973996 -0.0217558 -0.225517 -2.44939 0.0181254 0.999671 -0.018156 -0.288202 0.225838 0.0135963 0.97407 21.7551
0.971878 -0.0222137 -0.234433 -2.67424 0.0178365 0.999625 -0.0207754 -0.30888 0.234807 0.0160097 0.97191 22.7293
0.969928 -0.0174494 -0.242767 -2.94297 0.0117791 0.999623 -0.0247887 -0.34187 0.243108 0.0211837 0.969768 23.6919
0.967613 -0.0147282 -0.252009 -3.19927 0.00797301 0.999582 -0.0278056 -0.367838 0.252313 0.0248958 0.967325 24.6582
0.965032 -0.0184072 -0.261485 -3.43107 0.0110641 0.999503 -0.0295271 -0.408312 0.261899 0.0256015 0.964756 25.6301
0.962708 -0.0215022 -0.269687 -3.72524 0.0134912 0.999412 -0.0315234 -0.458646 0.270206 0.0267095 0.962432 26.5845
0.960474 -0.0205172 -0.277613 -4.00648 0.0115111 0.999354 -0.0340325 -0.502302 0.278132 0.0294917 0.96009 27.5432
0.957908 -0.0215146 -0.286268 -4.31555 0.0112185 0.999231 -0.0375586 -0.544931 0.286856 0.0327662 0.957413 28.4932
0.955261 -0.0233421 -0.294841 -4.58318 0.0110822 0.999006 -0.0431845 -0.577626 0.295556 0.037985 0.95457 29.4562
0.953427 -0.025371 -0.300555 -4.89864 0.0105959 0.998658 -0.050688 -0.632182 0.301438 0.0451427 0.952417 30.4036
0.951932 -0.0268432 -0.30513 -5.20192 0.00928412 0.998224 -0.0588525 -0.687509 0.306168 0.0531907 0.95049 31.3549
0.950456 -0.0272964 -0.309659 -5.50379 0.00656168 0.997677 -0.0678051 -0.74282 0.31079 0.0624139 0.948427 32.3066
0.949214 -0.0262411 -0.313536 -5.83378 0.00220186 0.997046 -0.0767809 -0.81237 0.314625 0.0721911 0.946467 33.248
0.947712 -0.0264065 -0.318032 -6.15483 -0.000323135 0.996491 -0.0837026 -0.893539 0.319126 0.0794288 0.944378 34.1916
0.946133 -0.0244331 -0.322854 -6.48989 -0.00518474 0.995877 -0.0905605 -0.979714 0.323736 0.0873562 0.942106 35.1299
0.943872 -0.0246063 -0.329392 -6.77073 -0.00779303 0.995285 -0.0966808 -1.06989 0.330218 0.0938213 0.93923 36.0854
0.942002 -0.0234344 -0.334787 -7.10539 -0.0115661 0.9947 -0.102171 -1.1667 0.335407 0.100117 0.936738 37.0227
0.940264 -0.0209915 -0.339797 -7.4563 -0.0159078 0.994298 -0.105443 -1.2709 0.340073 0.10455 0.934569 37.9533
0.93843 -0.0200549 -0.344888 -7.8098 -0.0181029 0.994087 -0.107063 -1.37639 0.344996 0.106714 0.932518 38.8828
0.936414 -0.0194862 -0.350357 -8.19548 -0.0190656 0.994157 -0.106251 -1.48267 0.35038 0.106174 0.93057 39.7993
0.934301 -0.0180944 -0.356026 -8.56599 -0.0206915 0.994275 -0.104832 -1.59372 0.355885 0.105311 0.928577 40.7214
0.931925 -0.0170455 -0.362251 -8.94193 -0.0218342 0.994445 -0.102964 -1.70389 0.361993 0.103864 0.926376 41.6415
0.928518 -0.0167065 -0.370911 -9.30395 -0.0220574 0.994741 -0.100022 -1.81077 0.370631 0.101054 0.923266 42.5675
0.925345 -0.0142021 -0.378861 -9.70437 -0.0232753 0.995285 -0.0941581 -1.92021 0.378411 0.0959468 0.920651 43.4773
0.921991 -0.0103292 -0.387073 -10.1125 -0.0261036 0.995712 -0.0887488 -2.01945 0.38633 0.0919296 0.917768 44.3848
0.918235 -0.00696676 -0.395975 -10.5131 -0.0289305 0.995994 -0.0846109 -2.1159 0.394978 0.0891484 0.914355 45.296
0.914437 -0.00608317 -0.404684 -10.9385 -0.0300407 0.996109 -0.0828543 -2.20588 0.403613 0.087922 0.910696 46.1965
0.910111 -0.00697438 -0.414306 -11.3544 -0.0297986 0.996168 -0.0822284 -2.29685 0.413292 0.0871828 0.906416 47.1013
0.90639 -0.00702168 -0.422384 -11.8007 -0.0299329 0.996281 -0.0807947 -2.38109 0.421381 0.0858746 0.902809 47.9923
0.902361 -0.00651341 -0.430932 -12.2432 -0.0305453 0.996405 -0.0790215 -2.47182 0.429897 0.0844689 0.898918 48.8844
0.89841 -0.00738635 -0.439096 -12.6751 -0.029411 0.996602 -0.0769408 -2.55694 0.438172 0.0820386 0.89514 49.7823
0.894732 -0.00613367 -0.446562 -13.1556 -0.0293313 0.99694 -0.0724614 -2.64837 0.44564 0.0779318 0.891814 50.6546
0.890562 -0.00538822 -0.45483 -13.6014 -0.0284044 0.99732 -0.0674309 -2.7235 0.453974 0.0729706 0.888022 51.5465
0.885911 -0.00679052 -0.463805 -14.0409 -0.0258291 0.997619 -0.0639419 -2.79843 0.463136 0.0686265 0.883627 52.4416
0.881924 -0.00935834 -0.471299 -14.5376 -0.0224954 0.997828 -0.0619082 -2.86829 0.470854 0.0652004 0.879798 53.3068
0.878596 -0.0106448 -0.477448 -15.0411 -0.0209191 0.997934 -0.0607443 -2.93803 0.477108 0.0633574 0.876558 54.1679
0.875663 -0.0100475 -0.482818 -15.5492 -0.0211183 0.99803 -0.0590705 -2.99343 0.48246 0.0619222 0.873726 55.0274
0.872541 -0.0115461 -0.488404 -16.0442 -0.0190401 0.998157 -0.0576124 -3.05208 0.488169 0.0595684 0.870714 55.8943
0.869546 -0.013668 -0.493663 -16.5214 -0.0169508 0.998202 -0.0574944 -3.11711 0.493562 0.0583621 0.86775 56.7707
0.867495 -0.0150122 -0.497219 -17.035 -0.015969 0.998189 -0.0579986 -3.18657 0.497189 0.0582536 0.865684 57.6259
0.86598 -0.0158136 -0.499829 -17.5505 -0.0155472 0.998165 -0.0585163 -3.2397 0.499837 0.0584448 0.864145 58.4812
0.865702 -0.01611 -0.500301 -18.0939 -0.0145229 0.998253 -0.0572742 -3.31246 0.50035 0.0568482 0.863955 59.3175
0.865841 -0.0159996 -0.500063 -18.633 -0.0136247 0.998364 -0.0555333 -3.37253 0.500133 0.0548963 0.864207 60.1576
0.865261 -0.0184916 -0.500981 -19.1384 -0.0108194 0.998398 -0.0555383 -3.42766 0.501205 0.0534754 0.863675 61.0187
0.864632 -0.0210622 -0.501964 -19.6516 -0.00844781 0.99837 -0.0564425 -3.48649 0.502334 0.0530425 0.863045 61.8749
0.86341 -0.0238603 -0.503939 -20.1491 -0.00573589 0.998352 -0.057097 -3.54701 0.504471 0.0521886 0.86185 62.7403
0.861578 -0.0252635 -0.506997 -20.6581 -0.00335134 0.998456 -0.055448 -3.60826 0.507615 0.0494719 0.860163 63.5989
0.85967 -0.0246179 -0.510256 -21.1882 -0.00199685 0.998669 -0.0515463 -3.67604 0.510845 0.0453318 0.858477 64.4441
0.856513 -0.0254976 -0.515495 -21.7005 0.00105066 0.998863 -0.0476603 -3.73736 0.516125 0.0402801 0.855566 65.3008
0.852406 -0.0256603 -0.522251 -22.2257 0.00198952 0.998947 -0.0458351 -3.79232 0.522877 0.0380311 0.851559 66.1499
0.847277 -0.0288306 -0.530369 -22.775 0.0038503 0.998833 -0.0481452 -3.85977 0.531138 0.0387502 0.846399 66.9828
0.841141 -0.0327999 -0.539821 -23.3231 0.00573767 0.998644 -0.0517379 -3.91799 0.540786 0.0404215 0.840188 67.8172
0.83423 -0.0347893 -0.550318 -23.8578 0.00749212 0.998631 -0.0517727 -3.97376 0.551366 0.0390673 0.833348 68.6604
0.828289 -0.0315684 -0.559411 -24.4206 0.00658264 0.998891 -0.0466224 -4.03924 0.560263 0.0349344 0.827578 69.4845
0.823159 -0.0266738 -0.567184 -24.9946 0.0032832 0.999103 -0.0422213 -4.10262 0.567801 0.0328927 0.822508 70.3008
0.818744 -0.0269093 -0.573527 -25.5592 0.00208246 0.999034 -0.0439008 -4.16205 0.574154 0.0347492 0.818009 71.124
0.814911 -0.0299067 -0.578814 -26.1365 0.00258567 0.998845 -0.0479689 -4.22344 0.579581 0.0375937 0.814047 71.9382
0.81203 -0.0321654 -0.582728 -26.7343 -9.76378e-05 0.998473 -0.0552497 -4.28347 0.583615 0.0449213 0.810787 72.7377
0.808563 -0.0331796 -0.587473 -27.3159 -0.00026981 0.998388 -0.0567589 -4.35117 0.588409 0.0460516 0.807251 73.5483
0.805478 -0.0312849 -0.591799 -27.9265 2.34724e-05 0.998607 -0.0527585 -4.41691 0.592626 0.0424819 0.804357 74.3375
0.802245 -0.0282695 -0.596326 -28.5192 -0.000209485 0.998865 -0.0476342 -4.47683 0.596995 0.0383392 0.801328 75.1407
0.799498 -0.0256901 -0.600119 -29.1295 -0.00148073 0.998998 -0.0447381 -4.53658 0.600667 0.0366566 0.798659 75.9306
0.796235 -0.0259299 -0.604432 -29.7374 -0.0019879 0.998964 -0.0454739 -4.59277 0.604984 0.0374094 0.795358 76.7226
0.793325 -0.0266868 -0.608213 -30.3768 -0.00288598 0.998863 -0.0475918 -4.64627 0.608792 0.039511 0.792346 77.4896
0.789682 -0.0291368 -0.612824 -31.0136 -0.00207944 0.998739 -0.0501647 -4.71359 0.613513 0.0408885 0.788626 78.2578
0.785675 -0.0300581 -0.617909 -31.6492 -0.00161929 0.998716 -0.0506413 -4.77229 0.618638 0.0407882 0.784617 79.0275
0.781369 -0.0300611 -0.623345 -32.2873 -0.0014641 0.998748 -0.0500004 -4.83506 0.624068 0.0399814 0.780347 79.7949
0.776686 -0.0293567 -0.629203 -32.9301 -0.00217909 0.998782 -0.04929 -4.89856 0.629884 0.0396539 0.775676 80.5583
0.770674 -0.0315878 -0.636446 -33.5572 -0.000712449 0.998727 -0.0504311 -4.95591 0.637229 0.0393194 0.769671 81.3351
0.765513 -0.0320695 -0.642621 -34.2073 -0.00116499 0.998686 -0.0512265 -5.02036 0.64342 0.0399632 0.76447 82.0923
0.760076 -0.0329411 -0.648999 -34.8634 -0.00124874 0.998638 -0.0521501 -5.08004 0.649833 0.0404484 0.759 82.8446
0.75438 -0.0344829 -0.655532 -35.5218 -0.000773192 0.998572 -0.0534176 -5.14489 0.656438 0.040804 0.753276 83.5944
0.748727 -0.0362501 -0.661887 -36.2069 0.000181685 0.998515 -0.054481 -5.20837 0.662879 0.0406711 0.747622 84.3201
0.742565 -0.0371441 -0.668743 -36.8782 0.000443819 0.998488 -0.0549664 -5.27168 0.669774 0.0405193 0.741459 85.0586
0.736336 -0.0370239 -0.675603 -37.5639 0.00121245 0.998572 -0.0534016 -5.3329 0.676615 0.0385024 0.73533 85.7839
0.729961 -0.0374983 -0.68246 -38.258 0.00229754 0.998623 -0.0524127 -5.39431 0.683485 0.0366913 0.729042 86.5011
0.723402 -0.0396994 -0.689284 -38.9519 0.00391723 0.998565 -0.0534014 -5.4637 0.690416 0.0359306 0.72252 87.2179
0.716385 -0.0414147 -0.696475 -39.6331 0.00373494 0.99845 -0.0555294 -5.52016 0.697695 0.0371792 0.715429 87.9478
0.710317 -0.0411475 -0.702678 -40.3412 0.00252456 0.998432 -0.0559143 -5.57721 0.703877 0.037943 0.709308 88.6516
0.70462 -0.0406062 -0.708422 -41.0377 0.00203334 0.998473 -0.0552093 -5.64449 0.709582 0.0374611 0.703626 89.366
0.699768 -0.0391859 -0.713295 -41.7424 -4.27611e-05 0.998492 -0.0548956 -5.71417 0.71437 0.0384447 0.698711 90.072
0.694996 -0.0399973 -0.717901 -42.4619 -0.000347155 0.998433 -0.055963 -5.78359 0.719014 0.0391433 0.693893 90.763
0.689669 -0.0417935 -0.722917 -43.1862 -0.00104028 0.998275 -0.058705 -5.85224 0.724124 0.0412391 0.688436 91.4491
0.684311 -0.0453634 -0.727777 -43.9301 0.00124435 0.998134 -0.0610451 -5.92027 0.729189 0.0408683 0.683091 92.1139
0.679436 -0.0461449 -0.732282 -44.681 0.00111333 0.998084 -0.0618615 -5.98631 0.733734 0.0412157 0.678186 92.7711
0.674361 -0.0455708 -0.736994 -45.4228 0.00147659 0.998175 -0.0603694 -6.05795 0.7384 0.0396225 0.673198 93.4379
0.668942 -0.0465423 -0.741857 -46.1731 0.00334941 0.998216 -0.0596055 -6.12703 0.743308 0.0373878 0.667904 94.0953
0.6631 -0.0484309 -0.746962 -46.9089 0.00515589 0.998177 -0.0601419 -6.19561 0.748513 0.0360289 0.662141 94.7691
0.658108 -0.0504157 -0.751234 -47.6633 0.00736591 0.998139 -0.0605329 -6.26177 0.752888 0.0343036 0.657254 95.4221
0.653518 -0.0509649 -0.755193 -48.4083 0.00751045 0.998118 -0.0608597 -6.31997 0.756874 0.0341011 0.652671 96.0866
0.64958 -0.0522899 -0.758493 -49.1797 0.00891804 0.998088 -0.0611699 -6.38492 0.760241 0.0329705 0.648804 96.7197
0.644153 -0.0569846 -0.762771 -49.9281 0.0143202 0.997945 -0.0624604 -6.45971 0.764763 0.029311 0.643645 97.3787
0.640944 -0.0609494 -0.765164 -50.73 0.0173005 0.997736 -0.0649832 -6.55612 0.767393 0.0284129 0.640548 97.9683
0.636307 -0.0644791 -0.768737 -51.4988 0.0208905 0.997576 -0.0663816 -6.63435 0.771153 0.0261798 0.636111 98.603
0.629795 -0.0678953 -0.773788 -52.2712 0.0251177 0.997432 -0.067075 -6.70277 0.776355 0.0228077 0.629883 99.2345
0.621443 -0.0713533 -0.780203 -53.0569 0.0294228 0.997267 -0.0677691 -6.78659 0.782907 0.0191589 0.621844 99.8474
0.612818 -0.0717911 -0.786956 -53.8472 0.0314556 0.997292 -0.0664841 -6.86523 0.789598 0.0159885 0.613417 100.455
0.604546 -0.0694841 -0.793534 -54.6538 0.0305892 0.997479 -0.0640381 -6.94169 0.795982 0.0144405 0.605148 101.041
0.595468 -0.0696082 -0.800357 -55.4623 0.0307411 0.997484 -0.0638811 -7.0242 0.80279 0.0134354 0.59611 101.624
0.586153 -0.071213 -0.807065 -56.2826 0.0302957 0.99736 -0.0660009 -7.09879 0.809634 0.0142361 0.586763 102.191
0.576498 -0.0734075 -0.813794 -57.1076 0.0306645 0.997198 -0.0682283 -7.17358 0.816523 0.0143788 0.577134 102.751
0.566702 -0.0746011 -0.820538 -57.9274 0.0304063 0.997108 -0.0696542 -7.25368 0.823361 0.0145237 0.567331 103.318
0.556707 -0.0752965 -0.82729 -58.7625 0.0331991 0.997105 -0.0684118 -7.33846 0.830046 0.01062 0.557594 103.862
0.546018 -0.0753341 -0.83438 -59.5888 0.0346603 0.997127 -0.0673466 -7.42048 0.837056 0.00785258 0.547061 104.419
0.535992 -0.0752357 -0.840864 -60.4311 0.033162 0.997129 -0.0680789 -7.49969 0.843572 0.008605 0.536948 104.952
0.525529 -0.0762001 -0.847356 -61.2745 0.0327864 0.997055 -0.0693279 -7.5847 0.850144 0.00865201 0.52648 105.482
0.516228 -0.0767084 -0.853009 -62.1489 0.0315166 0.997008 -0.0705844 -7.66707 0.855871 0.00955369 0.517101 105.961
0.506269 -0.0783385 -0.85881 -63.0176 0.0319001 0.996885 -0.0721283 -7.75699 0.861785 0.00912018 0.507191 106.448
0.496505 -0.0779594 -0.864526 -63.8806 0.0306265 0.996912 -0.0723083 -7.84168 0.867494 0.00942405 0.497359 106.946
0.486776 -0.0762717 -0.870191 -64.7374 0.0307713 0.99706 -0.0701786 -7.93301 0.872985 0.00738433 0.487691 107.453
0.478624 -0.0749332 -0.874817 -65.6132 0.0317835 0.997177 -0.0680249 -8.014 0.877444 0.00475362 0.479655 107.929
0.471222 -0.0746977 -0.878846 -66.4937 0.0311736 0.997195 -0.0680421 -8.10384 0.881463 0.00466619 0.472229 108.395
0.463257 -0.0777022 -0.882811 -67.3701 0.0326835 0.996969 -0.0705993 -8.18074 0.885621 0.00385227 0.464393 108.87
0.45614 -0.0808046 -0.886232 -68.2519 0.0345676 0.996726 -0.0730875 -8.26535 0.889237 0.00270322 0.45744 109.334
0.449639 -0.083611 -0.889289 -69.1363 0.0357189 0.996496 -0.0756305 -8.35059 0.892496 0.00224203 0.45105 109.793
0.444628 -0.08694 -0.891486 -70.035 0.0375783 0.996213 -0.0784111 -8.44677 0.894927 0.00136325 0.446211 110.221
0.440242 -0.0880301 -0.893553 -70.9369 0.0406884 0.996116 -0.0780875 -8.53674 0.896957 -0.00197987 0.442114 110.643
0.43566 -0.0859447 -0.895999 -71.8273 0.0437542 0.996276 -0.0742888 -8.63444 0.899047 -0.00683903 0.437798 111.088
0.431284 -0.0834397 -0.89835 -72.7075 0.045866 0.996454 -0.0705322 -8.72785 0.90105 -0.0107843 0.433581 111.553
0.427695 -0.0831164 -0.900093 -73.61 0.0480534 0.996446 -0.0691804 -8.81563 0.902645 -0.0136644 0.430169 111.975
0.424681 -0.0829668 -0.901533 -74.5111 0.0494992 0.99643 -0.0683827 -8.90184 0.903989 -0.0155844 0.427272 112.4
0.422666 -0.0842406 -0.902362 -75.4339 0.0534339 0.996255 -0.0679776 -8.94983 0.904709 -0.0194848 0.425585 112.782
0.419533 -0.0828354 -0.903953 -76.3241 0.0542182 0.996336 -0.066138 -9.04061 0.90612 -0.0212637 0.422487 113.228
0.416958 -0.0846812 -0.904973 -77.2353 0.0577144 0.996108 -0.0666177 -9.10938 0.907092 -0.0244532 0.420222 113.635
0.415161 -0.0850606 -0.905762 -78.1478 0.0602757 0.996004 -0.0659075 -9.1888 0.907749 -0.0272333 0.418629 114.036
0.412143 -0.0847334 -0.907171 -79.0476 0.0643467 0.995887 -0.0637861 -9.26638 0.908844 -0.0320844 0.4159 114.465
0.409169 -0.0829774 -0.908678 -79.9303 0.0641966 0.996007 -0.0620448 -9.347 0.910197 -0.0329472 0.412862 114.928
0.408673 -0.0848562 -0.908728 -80.8549 0.0676895 0.995744 -0.0625404 -9.41807 0.910167 -0.0359527 0.412677 115.302
0.407583 -0.086872 -0.909027 -81.7664 0.0693331 0.995535 -0.0640522 -9.4762 0.910532 -0.036919 0.411786 115.71
0.405947 -0.0890839 -0.909545 -82.6604 0.0692743 0.995374 -0.0665719 -9.52502 0.911267 -0.0359834 0.41024 116.155
0.407936 -0.0892731 -0.908635 -83.5788 0.0670758 0.995449 -0.0676885 -9.60621 0.910543 -0.0333348 0.412068 116.542
0.409155 -0.0885129 -0.908162 -84.4702 0.063362 0.995638 -0.0684921 -9.68524 0.910262 -0.029519 0.412978 116.988
0.413196 -0.0878449 -0.906395 -85.3662 0.0598628 0.995804 -0.0692206 -9.77948 0.908672 -0.0256577 0.416721 117.422
0.416666 -0.0893316 -0.90466 -86.2511 0.0578422 0.995749 -0.0716855 -9.82456 0.907217 -0.0224586 0.420062 117.886
0.420719 -0.0895064 -0.902765 -87.143 0.0584094 0.995729 -0.0715028 -9.91384 0.905309 -0.0226473 0.42415 118.329
0.428707 -0.0876085 -0.899186 -88.0443 0.0542299 0.995988 -0.0711847 -9.9828 0.901815 -0.0182454 0.431738 118.757
0.43663 -0.0865857 -0.895465 -88.9378 0.0527957 0.996108 -0.070574 -10.0593 0.898091 -0.016462 0.439502 119.199
0.44692 -0.0888756 -0.890148 -89.8537 0.0579024 0.99584 -0.0703569 -10.1308 0.892698 -0.0200978 0.450207 119.594
0.454468 -0.0882647 -0.886379 -90.7153 0.0560012 0.995941 -0.0704616 -10.1959 0.889001 -0.0176157 0.457566 120.098
0.463347 -0.0893791 -0.881658 -91.592 0.0568641 0.995849 -0.0710709 -10.289 0.884351 -0.0172042 0.466506 120.57
0.466843 -0.0901222 -0.879736 -92.3844 0.0541502 0.99584 -0.0732806 -10.3721 0.882681 -0.0134273 0.469781 121.174
0.475925 -0.0919656 -0.874664 -93.2288 0.0514361 0.995726 -0.0767069 -10.4156 0.877981 -0.00848265 0.478621 121.708
0.482404 -0.0910353 -0.871205 -94.0372 0.0501202 0.995824 -0.0763045 -10.4926 0.874514 -0.00685535 0.484953 122.292
0.495714 -0.0887773 -0.863936 -94.9102 0.0491523 0.996035 -0.0741487 -10.5788 0.867094 -0.00570786 0.498112 122.772
0.508285 -0.0856141 -0.856922 -95.7622 0.0471779 0.99632 -0.0715575 -10.6664 0.859895 -0.00405614 0.510454 123.288
0.520878 -0.0857 -0.849319 -96.6246 0.0486287 0.996311 -0.0707088 -10.7446 0.852245 -0.0044706 0.523124 123.788
0.531977 -0.0863232 -0.842347 -97.4632 0.0481437 0.996264 -0.0716918 -10.8196 0.845389 -0.00241535 0.534145 124.328
0.543069 -0.0891661 -0.83494 -98.3129 0.0510084 0.996013 -0.0731902 -10.8955 0.838137 -0.00284161 0.545452 124.85
0.555359 -0.0899603 -0.826731 -99.1484 0.0511447 0.995945 -0.0740166 -10.9718 0.830037 -0.00117713 0.557708 125.394
0.559662 -0.0903937 -0.823777 -99.9045 0.0514121 0.995906 -0.074353 -11.0412 0.827125 -0.000739612 0.562018 126.044
0.57072 -0.0887005 -0.81634 -100.731 0.0518546 0.996058 -0.0719754 -11.1313 0.819506 -0.00125319 0.573069 126.6
0.581326 -0.0868437 -0.809023 -101.556 0.0549617 0.996208 -0.067444 -11.2351 0.811812 -0.00525826 0.583895 127.155
0.591781 -0.0856192 -0.801539 -102.363 0.055195 0.996313 -0.0656739 -11.3265 0.804207 -0.0053764 0.594325 127.739
0.602493 -0.0844214 -0.793646 -103.168 0.0524857 0.996429 -0.0661474 -11.4194 0.796396 -0.00180173 0.604773 128.324
0.612048 -0.08498 -0.786241 -103.973 0.0520346 0.996383 -0.0671866 -11.4961 0.789107 0.000209686 0.614256 128.913
0.623392 -0.084005 -0.777384 -104.785 0.0518224 0.996465 -0.0661223 -11.5872 0.78019 0.000934267 0.625542 129.489
0.63336 -0.0844187 -0.769239 -105.578 0.0555872 0.996427 -0.0635829 -11.6628 0.771858 -0.00248891 0.63579 130.095
0.642004 -0.0809857 -0.762412 -106.325 0.0536869 0.996713 -0.0606658 -11.7478 0.764819 -0.00198385 0.644242 130.754
0.650748 -0.0781031 -0.755266 -107.081 0.0506735 0.996945 -0.0594345 -11.8287 0.757601 0.000404895 0.652718 131.404
0.658933 -0.0758326 -0.748369 -107.83 0.0475116 0.997115 -0.0592044 -11.9057 0.750699 0.00345553 0.660635 132.061
0.66685 -0.074097 -0.741499 -108.572 0.0459903 0.99724 -0.0582925 -11.987 0.743771 0.00477059 0.668417 132.727
0.674546 -0.0702257 -0.734885 -109.304 0.0436539 0.997518 -0.0552532 -12.0537 0.736941 0.00519021 0.675937 133.405
0.681854 -0.0694156 -0.728187 -110.032 0.0459665 0.997586 -0.0520547 -12.1368 0.730043 0.00202149 0.683399 134.086
0.688719 -0.0686753 -0.721769 -110.736 0.046313 0.997638 -0.0507315 -12.2024 0.723548 0.00151248 0.690273 134.792
0.696267 -0.0675746 -0.714595 -111.443 0.0453714 0.997711 -0.0501393 -12.265 0.716348 0.00248809 0.697739 135.497
0.704182 -0.0650005 -0.707038 -112.145 0.0434477 0.997879 -0.0484664 -12.3317 0.708689 0.00340995 0.705513 136.206
0.713797 -0.0632277 -0.697492 -112.868 0.0444688 0.997999 -0.0449603 -12.4076 0.698939 0.00107587 0.715181 136.892
0.723833 -0.0580133 -0.687532 -113.559 0.0410482 0.998315 -0.0410213 -12.4744 0.688753 0.00147063 0.724994 137.612
0.734709 -0.056143 -0.676055 -114.255 0.0398902 0.998421 -0.0395627 -12.5376 0.677208 0.00209911 0.735788 138.328
0.744657 -0.0546016 -0.66521 -114.894 0.0376375 0.998498 -0.0398259 -12.5928 0.666385 0.00461979 0.745594 139.095
0.754503 -0.0532435 -0.654133 -115.507 0.0349151 0.998549 -0.0410049 -12.6593 0.655367 0.00809919 0.755267 139.882
0.765058 -0.0529669 -0.64178 -116.159 0.0356509 0.998567 -0.0399141 -12.7128 0.642974 0.00765658 0.76585 140.638
0.7762 -0.0486522 -0.628606 -116.802 0.0320615 0.998774 -0.0377126 -12.7769 0.629671 0.00911844 0.776809 141.401
0.786894 -0.0457737 -0.615389 -117.42 0.0313752 0.998923 -0.0341823 -12.8338 0.61629 0.00758985 0.787482 142.186
0.796732 -0.0448884 -0.602663 -118.014 0.0325544 0.998978 -0.0313696 -12.8858 0.603455 0.00537384 0.797379 142.988
0.806818 -0.0423757 -0.589278 -118.63 0.0320343 0.999095 -0.027986 -12.936 0.589931 0.00370247 0.807445 143.775
0.815315 -0.0408582 -0.577574 -119.201 0.032037 0.999162 -0.0254578 -12.9867 0.57813 0.00225242 0.815942 144.594
0.823004 -0.0411818 -0.566541 -119.778 0.0337903 0.999152 -0.0235417 -13.03 0.56703 0.000231275 0.823697 145.41
0.830502 -0.0398842 -0.555586 -120.352 0.0327916 0.999204 -0.0227128 -13.0758 0.55605 0.000644501 0.831149 146.228
0.838051 -0.038573 -0.544227 -120.92 0.0315124 0.999255 -0.0222983 -13.1187 0.544681 0.00153723 0.838642 147.049
0.845117 -0.0377071 -0.53325 -121.47 0.0313586 0.999288 -0.0209632 -13.1615 0.533661 0.000994415 0.845698 147.883
0.85166 -0.0370129 -0.522786 -121.99 0.0311001 0.999314 -0.0200863 -13.1992 0.523171 0.000848059 0.852228 148.737
0.857602 -0.0379727 -0.51291 -122.489 0.0324202 0.999279 -0.0197729 -13.2345 0.513291 0.000328622 0.858215 149.602
0.862994 -0.0388921 -0.503716 -122.982 0.0330778 0.999243 -0.0204813 -13.2695 0.504131 0.00101337 0.863627 150.472
0.867888 -0.0397242 -0.495169 -123.494 0.0338667 0.99921 -0.0208016 -13.3003 0.495604 0.00128366 0.868547 151.33
0.871737 -0.0383951 -0.488468 -123.99 0.032911 0.999262 -0.0198109 -13.3339 0.488868 0.00119388 0.872357 152.198
0.875048 -0.0368423 -0.482631 -124.471 0.0331717 0.999319 -0.0161415 -13.3601 0.482898 -0.00188514 0.875675 153.074
0.878514 -0.0323859 -0.476618 -124.952 0.0304955 0.999466 -0.0117032 -13.3852 0.476742 -0.00425322 0.879033 153.951
0.882401 -0.0272616 -0.469707 -125.412 0.0263534 0.999616 -0.00850926 -13.4015 0.469759 -0.0048698 0.882781 154.838
0.88607 -0.0240943 -0.462926 -125.884 0.0239248 0.999694 -0.00623833 -13.4126 0.462934 -0.00554782 0.886375 155.72
0.889694 -0.0206891 -0.456088 -126.342 0.0214164 0.999764 -0.00357434 -13.4287 0.456054 -0.00658768 0.889928 156.609
0.893026 -0.0217651 -0.449478 -126.781 0.0241411 0.999708 -0.000445133 -13.4454 0.449356 -0.0104534 0.893291 157.507
0.896626 -0.0221866 -0.442233 -127.229 0.0255488 0.999672 0.00164705 -13.4536 0.442051 -0.0127753 0.896899 158.401
0.90041 -0.0227105 -0.43445 -127.672 0.0266201 0.999641 0.00291547 -13.4679 0.434228 -0.0141902 0.900691 159.297
0.904279 -0.0236 -0.42629 -128.108 0.0276338 0.999613 0.00327907 -13.4784 0.426048 -0.0147452 0.904581 160.197
0.908217 -0.0280582 -0.417558 -128.539 0.0322638 0.999475 0.00301534 -13.4844 0.417254 -0.0162106 0.908645 161.1
0.912607 -0.0283286 -0.407856 -128.946 0.031941 0.999488 0.00204847 -13.4902 0.407589 -0.0148968 0.913044 162.013
0.917234 -0.0301625 -0.397205 -129.344 0.0329636 0.999457 0.00022468 -13.4992 0.396982 -0.0132994 0.91773 162.931
0.922848 -0.0296275 -0.384024 -129.739 0.0319588 0.999489 -0.000310601 -13.5019 0.383837 -0.0119863 0.923323 163.849
0.929284 -0.0276163 -0.368333 -130.118 0.030278 0.99954 0.00144764 -13.5162 0.368124 -0.0124977 0.929693 164.774
0.936335 -0.0245749 -0.350248 -130.48 0.0280948 0.999593 0.0049713 -13.5224 0.349983 -0.0144949 0.936644 165.707
0.943697 -0.0210607 -0.330141 -130.847 0.0248321 0.999666 0.00720974 -13.5278 0.329879 -0.0150019 0.943904 166.637
0.950942 -0.0164472 -0.308931 -131.137 0.0200987 0.999761 0.00864091 -13.5207 0.308715 -0.0144261 0.951045 167.594
0.957562 -0.016493 -0.287755 -131.433 0.0204738 0.999732 0.0108299 -13.5311 0.287499 -0.0162617 0.957643 168.549
0.963724 -0.0156897 -0.266438 -131.717 0.0202042 0.999695 0.0142111 -13.5369 0.266133 -0.0190787 0.963747 169.508
0.969672 -0.011252 -0.244151 -131.979 0.0162583 0.999697 0.0184992 -13.5386 0.243869 -0.0219076 0.969561 170.473
0.974996 -0.00907646 -0.222037 -132.215 0.0145796 0.999625 0.0231584 -13.5236 0.221743 -0.0258165 0.974763 171.444
0.979739 -0.00792964 -0.200124 -132.416 0.0135902 0.999545 0.0269275 -13.5067 0.199819 -0.0291016 0.979401 172.424
0.984108 -0.00481973 -0.177504 -132.63 0.00980211 0.999582 0.0272029 -13.4812 0.177298 -0.0285106 0.983744 173.4
0.987774 -0.00627553 -0.155769 -132.798 0.0103947 0.999617 0.0256434 -13.465 0.155548 -0.026949 0.987461 174.386
0.990874 -0.00505651 -0.134698 -132.942 0.00851255 0.999649 0.025094 -13.4478 0.134524 -0.0260116 0.990569 175.375
0.993337 -0.00761029 -0.114995 -133.063 0.0108451 0.999562 0.0275309 -13.4359 0.114735 -0.0285946 0.992985 176.368
0.995534 -0.00524185 -0.0942614 -133.238 0.00806829 0.999528 0.0296291 -13.4264 0.0940616 -0.0302573 0.995106 177.353
0.997213 -0.00496239 -0.0744361 -133.294 0.00729119 0.999491 0.0310467 -13.4127 0.0742442 -0.031503 0.996742 178.351
0.998517 -0.00323061 -0.0543415 -133.333 0.00498419 0.99947 0.0321651 -13.3909 0.0542088 -0.0323882 0.998004 179.35
0.999486 0.00132833 -0.0320224 -133.46 -0.000290119 0.999475 0.0324042 -13.3589 0.0320486 -0.0323782 0.998962 180.341
0.999923 0.00474363 -0.0114747 -133.482 -0.00436964 0.999465 0.032401 -13.348 0.0116222 -0.0323484 0.999409 181.341
0.999931 0.00731885 0.00922211 -133.514 -0.00760613 0.999474 0.0315106 -13.3306 -0.00898664 -0.0315785 0.999461 182.34
0.999487 0.0106588 0.0301997 -133.543 -0.0115467 0.999502 0.029381 -13.323 -0.0298715 -0.0297146 0.999112 183.34
0.998653 0.0141578 0.0499221 -133.537 -0.0155213 0.999514 0.0270304 -13.3097 -0.0495152 -0.0277689 0.998387 184.34
0.997485 0.0136097 0.0695647 -133.538 -0.0154242 0.999553 0.0256139 -13.2988 -0.069185 -0.0266225 0.997249 185.34
0.995998 0.0139753 0.0882791 -133.436 -0.0160331 0.999615 0.0226444 -13.2813 -0.0879286 -0.0239692 0.995838 186.334
0.994177 0.0146788 0.106752 -133.319 -0.0166268 0.999711 0.017381 -13.2636 -0.106466 -0.0190547 0.994134 187.327
0.991896 0.0194795 0.125554 -133.233 -0.020987 0.999723 0.0106957 -13.268 -0.125311 -0.013244 0.992029 188.324
0.989402 0.0224839 0.143454 -133.105 -0.0235093 0.999709 0.00545682 -13.2592 -0.143289 -0.00877149 0.989642 189.315
0.98683 0.0223307 0.160214 -132.934 -0.0228136 0.999739 0.0011749 -13.2623 -0.160146 -0.00481449 0.987082 190.301
0.983559 0.0265457 0.178623 -132.779 -0.0266305 0.999643 -0.00192377 -13.269 -0.17861 -0.00286467 0.983916 191.288
0.98036 0.0244479 0.195696 -132.589 -0.0245964 0.999696 -0.00167163 -13.2795 -0.195677 -0.00317461 0.980663 192.27
0.97613 0.0301139 0.215091 -132.483 -0.0302981 0.999538 -0.00244172 -13.3195 -0.215065 -0.0041334 0.976591 193.264
0.972401 0.0288208 0.23153 -132.258 -0.0279823 0.999585 -0.00690575 -13.352 -0.231633 0.000236435 0.972803 194.238
0.968578 0.0269664 0.247245 -132.016 -0.0251778 0.999629 -0.0103934 -13.3835 -0.247433 0.0038417 0.968897 195.207
0.963952 0.0299952 0.264381 -131.761 -0.0281688 0.999546 -0.0106972 -13.3975 -0.264582 0.00286431 0.964359 196.174
0.959816 0.0254063 0.279477 -131.43 -0.022816 0.999661 -0.012518 -13.4 -0.279701 0.00563838 0.960071 197.118
0.954587 0.0268378 0.296721 -131.147 -0.0233677 0.999611 -0.0152359 -13.4191 -0.297014 0.00761034 0.954843 198.077
0.949543 0.0220146 0.312864 -130.858 -0.0169094 0.999676 -0.0190218 -13.44 -0.313182 0.0127717 0.949607 199.034
0.94347 0.0235057 0.330623 -130.558 -0.0175862 0.999627 -0.0208845 -13.4728 -0.330991 0.0138895 0.943532 199.987
0.937003 0.0241296 0.348487 -130.228 -0.016319 0.999546 -0.0253315 -13.5229 -0.34894 0.0180487 0.936971 200.93
0.92952 0.0260103 0.367854 -129.923 -0.0155853 0.999389 -0.0312831 -13.5498 -0.368443 0.0233452 0.929357 201.882
0.920323 0.0311971 0.389914 -129.56 -0.0193143 0.999223 -0.03436 -13.5998 -0.390683 0.0240913 0.92021 202.812
0.910078 0.0315189 0.413237 -129.166 -0.0184648 0.999197 -0.0355465 -13.6392 -0.414026 0.0247197 0.909929 203.731
0.898968 0.0316175 0.436872 -128.72 -0.016516 0.999129 -0.038324 -13.6738 -0.437703 0.0272367 0.898707 204.625
0.886085 0.0360539 0.462119 -128.288 -0.0192302 0.998971 -0.0410657 -13.7265 -0.463124 0.027501 0.885867 205.526
0.872507 0.0393437 0.487015 -127.838 -0.0205756 0.998827 -0.0438287 -13.7752 -0.488168 0.0282203 0.872293 206.417
0.858281 0.0424411 0.511422 -127.348 -0.0222474 0.998715 -0.0455437 -13.8374 -0.512697 0.0277115 0.858122 207.287
0.845203 0.0416427 0.532821 -126.787 -0.0192276 0.998684 -0.0475519 -13.8964 -0.534099 0.0299462 0.844891 208.112
0.829824 0.045864 0.556137 -126.249 -0.0202306 0.998434 -0.0521533 -13.9533 -0.557658 0.0320271 0.829453 208.953
0.815568 0.0467162 0.576772 -125.661 -0.0171007 0.998246 -0.0566732 -14.0243 -0.578408 0.0363577 0.814937 209.759
0.800259 0.0492827 0.597626 -125.066 -0.0171353 0.998089 -0.0593614 -14.0949 -0.599409 0.037264 0.799575 210.56
0.784859 0.050752 0.617592 -124.473 -0.0152672 0.997922 -0.0626042 -14.1567 -0.619486 0.0397066 0.784003 211.363
0.770946 0.0472937 0.635142 -123.834 -0.00866048 0.997925 -0.0637949 -14.2293 -0.636842 0.0436818 0.769756 212.128
0.757829 0.0440257 0.650967 -123.175 -0.00276265 0.997928 -0.0642751 -14.3206 -0.652448 0.0469111 0.75638 212.875
0.742063 0.0475778 0.668639 -122.536 -0.00368386 0.997752 -0.0669079 -14.3885 -0.67032 0.0471867 0.740571 213.641
0.727614 0.0504636 0.684128 -121.859 -0.00359457 0.997557 -0.0697601 -14.4673 -0.685978 0.0482993 0.726018 214.373
0.712071 0.0560838 0.699864 -121.178 -0.00588727 0.997246 -0.0739247 -14.5458 -0.702083 0.0485193 0.71044 215.101
0.708869 0.0585859 0.702903 -120.284 -0.00800161 0.997148 -0.0750412 -14.6346 -0.705295 0.04757 0.707316 215.541
0.694001 0.0602639 0.717447 -119.579 -0.00850421 0.997107 -0.0755285 -14.7208 -0.719923 0.0463156 0.692506 216.244
0.678264 0.0641665 0.732011 -118.858 -0.0129524 0.997069 -0.0753995 -14.8085 -0.734704 0.0416595 0.677108 216.931
0.660218 0.0665976 0.748115 -118.146 -0.0162917 0.997097 -0.0743845 -14.8886 -0.750897 0.0369219 0.659387 217.629
0.646772 0.0613399 0.760213 -117.362 -0.0105973 0.997387 -0.071461 -15.0045 -0.76261 0.0381628 0.645732 218.239
0.630117 0.0610005 0.774101 -116.615 -0.0101588 0.997472 -0.0703332 -15.0924 -0.776434 0.0364542 0.629143 218.898
0.61451 0.0627658 0.786408 -115.817 -0.00984916 0.997363 -0.0719065 -15.191 -0.788847 0.0364418 0.613508 219.492
0.592868 0.0738654 0.801905 -115.059 -0.0215864 0.996884 -0.075866 -15.2689 -0.80501 0.0276682 0.592615 220.14
0.574419 0.0770854 0.814924 -114.23 -0.025553 0.996759 -0.076274 -15.3387 -0.818162 0.0229895 0.574527 220.695
0.554417 0.0765646 0.82871 -113.402 -0.0279816 0.996911 -0.0733847 -15.4361 -0.831769 0.0174971 0.554847 221.247
0.537225 0.0713664 0.840414 -112.548 -0.0208197 0.997232 -0.0713743 -15.5252 -0.843182 0.0208469 0.537224 221.76
0.51821 0.0689133 0.852473 -111.684 -0.0193942 0.997439 -0.0688428 -15.6147 -0.855034 0.019142 0.518219 222.254
0.496721 0.0662488 0.865378 -110.817 -0.0151509 0.997592 -0.0676739 -15.7048 -0.867778 0.0205038 0.496529 222.746
0.480214 0.0635379 0.874847 -109.921 -0.00616674 0.997593 -0.0690676 -15.7709 -0.87713 0.0277723 0.47945 223.185
0.463717 0.0622554 0.883794 -108.974 0.000951482 0.997493 -0.0707637 -15.8254 -0.885983 0.0336552 0.462495 223.501
0.443433 0.0623675 0.894135 -108.093 0.00431284 0.997416 -0.0717104 -15.9141 -0.896297 0.0356551 0.442019 223.965
0.424423 0.060228 0.903459 -107.192 0.0104882 0.997391 -0.071417 -16.0211 -0.905403 0.0397867 0.422684 224.385
0.405762 0.0562517 0.912246 -106.283 0.016544 0.997489 -0.0688667 -16.1277 -0.913829 0.0430357 0.403812 224.789
0.384807 0.0574718 0.921206 -105.377 0.0149425 0.997541 -0.0684759 -16.2167 -0.922876 0.0401152 0.383002 225.201
0.364346 0.0664917 0.928887 -104.466 0.00389802 0.99733 -0.07292 -16.2948 -0.931255 0.0301889 0.363114 225.607
0.346089 0.0754154 0.935166 -103.53 0.00302991 0.996669 -0.0814966 -16.3991 -0.938197 0.0310385 0.344707 225.945
0.323831 0.0841112 0.942369 -102.629 -0.0016951 0.99609 -0.0883236 -16.5139 -0.946113 0.0270045 0.322707 226.362
0.305105 0.0845286 0.94856 -101.712 0.00507798 0.995894 -0.09038 -16.6162 -0.952305 0.0323922 0.303423 226.748
0.285131 0.086 0.954623 -100.768 0.00120425 0.995934 -0.0900813 -16.7285 -0.958488 0.0268346 0.283868 227.056
0.265642 0.0858894 0.960238 -99.8196 -0.00165367 0.996063 -0.0886363 -16.8459 -0.96407 0.0219576 0.264738 227.352
0.246589 0.086821 0.965223 -98.8594 -0.0029276 0.996041 -0.0888451 -16.9329 -0.969116 0.0190825 0.245867 227.618
0.22772 0.0852469 0.969988 -97.8968 -0.00269153 0.996212 -0.0869197 -17.0362 -0.973723 0.0171826 0.227087 227.868
0.209547 0.0853542 0.974066 -96.9248 -0.00177245 0.996214 -0.0869137 -17.1395 -0.977797 0.016486 0.208905 228.079
0.190688 0.0863381 0.977847 -95.9566 -0.00117875 0.996144 -0.0877238 -17.2366 -0.98165 0.0155752 0.190054 228.31
0.171125 0.0895014 0.981176 -94.9889 -0.00424467 0.995923 -0.0901063 -17.3571 -0.98524 0.0112547 0.170808 228.531
0.151852 0.0913446 0.984173 -94.0126 -0.00485542 0.995777 -0.0916725 -17.4607 -0.988391 0.00914209 0.151654 228.721
0.134897 0.0887705 0.986875 -93.0291 -0.00675062 0.996038 -0.088672 -17.5693 -0.990837 0.00529956 0.134962 228.866
0.119908 0.0849715 0.989142 -92.0395 -0.00847411 0.996382 -0.0845661 -17.6667 -0.992749 0.00175807 0.120194 228.971
0.106382 0.0811138 0.991011 -91.0488 -0.00799906 0.996705 -0.0807211 -17.761 -0.994293 0.000660151 0.106681 229.07
0.0930788 0.0776583 0.992626 -90.0614 -0.00673668 0.99698 -0.0773673 -17.8717 -0.995636 0.000514257 0.0933209 229.183
0.082082 0.0782396 0.99355 -89.0701 -0.00683167 0.996935 -0.0779417 -17.9636 -0.996602 -0.000389997 0.0823649 229.277
0.0744302 0.0802971 0.993988 -88.0784 -0.00525089 0.996771 -0.0801287 -18.068 -0.997212 0.000744675 0.0746114 229.352
0.0679538 0.0828451 0.994243 -87.0845 -0.00682853 0.996562 -0.0825716 -18.1534 -0.997665 -0.00117816 0.0682859 229.422
0.0628396 0.0867729 0.994244 -86.0929 -0.00685613 0.996227 -0.0865126 -18.2716 -0.998 -0.00138025 0.0631975 229.474
0.0574126 0.0955707 0.993766 -85.1012 -0.00683916 0.995422 -0.0953348 -18.3837 -0.998327 -0.0013231 0.0578034 229.537
0.0535667 0.098202 0.993724 -84.1085 -0.00639164 0.995166 -0.098 -18.4859 -0.998544 -0.00110199 0.0539355 229.601
0.0501177 0.0897606 0.994702 -83.1161 -0.00497234 0.995963 -0.089624 -18.5952 -0.998731 -0.000454249 0.0503617 229.658
0.0481286 0.0801438 0.995621 -82.1222 -0.00308643 0.996783 -0.0800881 -18.6949 -0.998836 0.000781618 0.0482212 229.705
0.0469219 0.0762245 0.995986 -81.1289 -0.00210982 0.99709 -0.0762095 -18.7983 -0.998896 0.00147454 0.0469462 229.757
0.0476886 0.0780965 0.995805 -80.1343 -0.00179222 0.996944 -0.0781001 -18.8933 -0.998861 0.00193978 0.0476828 229.799
0.0489469 0.0813863 0.99548 -79.1396 -0.000390341 0.996676 -0.0814649 -18.9851 -0.998801 0.00359888 0.048816 229.844
0.0509496 0.0835506 0.9952 -78.1466 -0.00244266 0.996502 -0.0835349 -19.0915 -0.998698 0.00182513 0.0509754 229.895
0.0539757 0.0844098 0.994968 -77.1521 -0.00323323 0.99643 -0.0843584 -19.1861 -0.998537 0.00133634 0.0540559 229.941
0.0578777 0.0863441 0.994583 -76.1571 -0.00317049 0.996264 -0.0863055 -19.2784 -0.998319 0.00184185 0.0579352 229.978
0.0614262 0.0875729 0.994262 -75.165 -0.00670146 0.996157 -0.0873258 -19.3823 -0.998089 -0.00129892 0.061777 230.048
0.0676707 0.088926 0.993737 -74.1701 -0.00538026 0.996038 -0.0887655 -19.4696 -0.997693 0.00066027 0.0678811 230.1
0.0737801 0.0878264 0.9934 -73.1805 -0.00651009 0.996136 -0.0875848 -19.5875 -0.997253 -5.10941e-06 0.0740668 230.183
0.0816968 0.086355 0.992909 -72.1851 -0.000844353 0.996245 -0.0865757 -19.673 -0.996657 0.00623459 0.0814629 230.225
0.0888182 0.0854436 0.992376 -71.1945 0.000384094 0.996311 -0.0858167 -19.77 -0.996048 0.00800325 0.0884577 230.321
0.0962343 0.0865963 0.991585 -70.2013 0.000152126 0.996207 -0.0870148 -19.8529 -0.995359 0.00852465 0.0958561 230.403
0.102812 0.0866237 0.990922 -69.2131 -0.000382114 0.996204 -0.0870459 -19.9505 -0.994701 0.0085707 0.102455 230.521
0.1104 0.0858016 0.990177 -68.2223 -0.000681178 0.996273 -0.0862539 -20.0473 -0.993887 0.00884793 0.110047 230.616
0.116743 0.083767 0.989623 -67.2373 -0.00163949 0.996452 -0.0841516 -20.1522 -0.993161 0.00820165 0.116466 230.753
0.123821 0.0821641 0.988897 -66.2501 -0.00118838 0.996578 -0.0826535 -20.2535 -0.992304 0.00905905 0.123495 230.876
0.131645 0.082833 0.98783 -65.2616 -0.000314355 0.996506 -0.0835186 -20.3503 -0.991297 0.0106843 0.131211 230.992
0.138939 0.0850293 0.986644 -64.2758 0.000728491 0.996298 -0.0859639 -20.4505 -0.990301 0.0126625 0.138363 231.127
0.145725 0.0867838 0.985511 -63.2905 0.000622058 0.996137 -0.0878114 -20.5458 -0.989325 0.0134093 0.145108 231.268
0.152188 0.0887719 0.984357 -62.3095 -0.00115694 0.995973 -0.0896407 -20.6515 -0.988351 0.0125034 0.151678 231.431
0.158637 0.0894588 0.983276 -61.3289 -0.00285365 0.995924 -0.0901491 -20.7493 -0.987333 0.0114951 0.158246 231.601
0.164995 0.0892093 0.982252 -60.3524 -0.00354943 0.995948 -0.089857 -20.8509 -0.986288 0.0113395 0.164643 231.791
0.171465 0.0867945 0.981359 -59.3747 -0.00401828 0.996165 -0.0874019 -20.9569 -0.985182 0.011043 0.171156 231.973
0.178222 0.0856376 0.980257 -58.394 -0.00406324 0.996261 -0.086297 -21.051 -0.983982 0.011397 0.177904 232.144
0.184522 0.0849625 0.979149 -57.4193 -0.00428634 0.996317 -0.0856444 -21.1568 -0.982819 0.0116063 0.184207 232.341
0.191758 0.086254 0.977645 -56.4446 -0.00316143 0.99618 -0.0872692 -21.2552 -0.981437 0.0136438 0.191298 232.542
0.200297 0.0857449 0.975976 -55.4707 0.00176214 0.99613 -0.0878771 -21.3651 -0.979734 0.0193214 0.199371 232.74
0.208552 0.087469 0.974092 -54.4984 0.00208018 0.995951 -0.0898771 -21.4682 -0.978009 0.0207704 0.207526 232.95
0.216842 0.0900216 0.972047 -53.5357 0.00144586 0.995708 -0.0925354 -21.5664 -0.976206 0.0214711 0.215782 233.202
0.226151 0.0909573 0.969836 -52.5683 0.00149211 0.995597 -0.0937212 -21.673 -0.974091 0.0226422 0.22502 233.432
0.232533 0.0903969 0.968378 -51.6138 -0.000528196 0.995683 -0.0928189 -21.7781 -0.972588 0.021072 0.231577 233.711
0.237764 0.0887069 0.967264 -50.6546 -0.0013186 0.99585 -0.0910043 -21.883 -0.971322 0.0203621 0.236894 233.973
0.241303 0.0896865 0.966297 -49.6938 -0.00345848 0.995793 -0.0915606 -21.9831 -0.970444 0.018752 0.240599 234.232
0.244788 0.0917745 0.965223 -48.7249 -0.00273757 0.995572 -0.0939658 -22.0766 -0.969573 0.0203593 0.243955 234.461
0.247028 0.0934181 0.964495 -47.7644 -0.00460449 0.995444 -0.0952365 -22.1798 -0.968997 0.0190851 0.246333 234.719
0.252281 0.0932798 0.963147 -46.792 -0.00109468 0.99537 -0.0961138 -22.2683 -0.967653 0.0231934 0.251215 234.935
0.254745 0.0928341 0.962542 -45.827 -0.00192702 0.995428 -0.0954959 -22.3755 -0.967006 0.0224722 0.253759 235.175
0.259425 0.0936999 0.961207 -44.8744 0.00203664 0.995227 -0.0975658 -22.4709 -0.965761 0.0272686 0.257996 235.464
0.260789 0.0944082 0.960769 -43.9325 0.0015023 0.995166 -0.098196 -22.585 -0.965395 0.0270518 0.259387 235.779
0.263681 0.0923041 0.960183 -42.9824 0.00206806 0.995355 -0.0962531 -22.6892 -0.964608 0.0273659 0.262266 236.074
0.228203 0.0874786 0.969676 -43.0091 0.0120358 0.995626 -0.0926521 -22.8037 -0.973539 0.0328143 0.226152 237.067
0.235064 0.0865792 0.968116 -42.0274 0.0137356 0.99563 -0.0923748 -22.8853 -0.971883 0.0350116 0.232848 237.239
0.239388 0.0880758 0.966921 -41.0657 0.0127902 0.995505 -0.0938461 -22.9896 -0.97084 0.0348327 0.237185 237.492
0.245606 0.0901987 0.965164 -40.1024 0.0136404 0.995241 -0.0964807 -23.1033 -0.969274 0.0368615 0.243207 237.735
0.252672 0.0894575 0.963408 -39.1315 0.0132054 0.995305 -0.0958827 -23.2021 -0.967462 0.036949 0.250304 237.954
0.259733 0.088686 0.9616 -38.1745 0.0141671 0.995317 -0.0956222 -23.3105 -0.965577 0.0384593 0.25726 238.222
0.266652 0.087482 0.959814 -37.23 0.0148524 0.995381 -0.0948499 -23.4126 -0.963679 0.0395474 0.264121 238.535
0.276241 0.0876012 0.957088 -36.2785 0.0185148 0.995168 -0.0964305 -23.5327 -0.96091 0.0443584 0.273285 238.818
0.287836 0.0874528 0.953678 -35.3173 0.0204218 0.995035 -0.0974088 -23.6364 -0.957462 0.0475136 0.284621 239.073
0.298951 0.0875078 0.950248 -34.3635 0.0208977 0.994947 -0.0981986 -23.7368 -0.95404 0.0492146 0.295612 239.357
0.30936 0.0847361 0.947162 -33.4212 0.019518 0.995246 -0.0954128 -23.8447 -0.950745 0.0480036 0.306236 239.674
0.320429 0.0838233 0.943557 -32.4752 0.0209634 0.995206 -0.0955308 -23.9526 -0.947041 0.050391 0.317135 239.979
0.33073 0.0860036 0.939798 -31.5392 0.0168911 0.99514 -0.0970123 -24.0658 -0.943574 0.0479591 0.32767 240.313
0.340988 0.0882101 0.93592 -30.6075 0.0161021 0.994894 -0.0996349 -24.179 -0.93993 0.0490446 0.337827 240.658
0.35175 0.0885812 0.931893 -29.6774 0.0141445 0.994896 -0.0999088 -24.2932 -0.935987 0.0483241 0.348702 241.007
0.361483 0.0882227 0.928196 -28.7521 0.0106978 0.995055 -0.0987438 -24.4131 -0.932317 0.0456238 0.358752 241.367
0.370436 0.0869572 0.924779 -27.8328 0.00942897 0.995205 -0.0973563 -24.5327 -0.92881 0.044784 0.367839 241.742
0.37797 0.0858007 0.921834 -26.9174 0.00834292 0.99534 -0.0960632 -24.6431 -0.92578 0.0439998 0.375493 242.129
0.384115 0.0864509 0.919229 -26.004 0.00456176 0.995417 -0.0955223 -24.7499 -0.923274 0.0408849 0.38196 242.522
0.391863 0.0852614 0.916065 -25.092 0.00304315 0.995571 -0.0939631 -24.857 -0.920019 0.0396083 0.389868 242.918
0.399392 0.0859729 0.91274 -24.1855 0.000602606 0.995568 -0.0940383 -24.9671 -0.91678 0.0381081 0.39757 243.325
0.407613 0.0873501 0.908967 -23.2721 -0.000464917 0.995434 -0.0954509 -25.0794 -0.913154 0.0384845 0.405793 243.716
0.415516 0.089061 0.905215 -22.3701 -0.00251 0.995303 -0.0967723 -25.1991 -0.909583 0.0379383 0.413788 244.131
0.42357 0.0877939 0.901599 -21.4739 -0.00270526 0.995411 -0.095658 -25.3137 -0.905859 0.0380788 0.421864 244.56
0.431619 0.086743 0.897875 -20.5731 -0.00376111 0.99553 -0.0943693 -25.4329 -0.902048 0.0373546 0.430016 244.977
0.439816 0.0852361 0.894034 -19.6912 -0.00492051 0.9957 -0.0925082 -25.5389 -0.898075 0.0362874 0.438344 245.437
0.447447 0.0821821 0.890527 -18.8066 -0.00507656 0.995986 -0.0893636 -25.6422 -0.894296 0.0354646 0.446068 245.891
0.456952 0.0794376 0.885937 -17.8998 -0.00537168 0.996232 -0.0865566 -25.7299 -0.889475 0.0347933 0.455657 246.304
0.465548 0.0798064 0.881417 -17.023 -0.00860883 0.996287 -0.0856601 -25.8369 -0.884981 0.0322909 0.464507 246.773
0.473384 0.0794234 0.877268 -16.1577 -0.008932 0.996308 -0.0853809 -25.9326 -0.880811 0.0325822 0.472346 247.265
0.480935 0.0785125 0.873234 -15.2975 -0.0101768 0.996415 -0.0839829 -26.028 -0.876697 0.0315036 0.480009 247.766
0.488438 0.078582 0.869053 -14.4337 -0.0126422 0.99647 -0.082998 -26.1291 -0.872507 0.0295526 0.487707 248.259
0.496446 0.0783922 0.864521 -13.5792 -0.0124716 0.996455 -0.0831939 -26.2245 -0.867978 0.0305193 0.495664 248.77
0.504683 0.0780715 0.859767 -12.7255 -0.0120999 0.996444 -0.0833799 -26.323 -0.86322 0.0316774 0.503833 249.281
0.513427 0.077604 0.854617 -11.8673 -0.0102063 0.996384 -0.0843456 -26.4138 -0.858072 0.0345829 0.512363 249.786
0.521286 0.0773902 0.849866 -11.0151 -0.0122687 0.996456 -0.0832137 -26.5086 -0.853294 0.0329513 0.520388 250.301
0.528216 0.0755088 0.845746 -10.1867 -0.0122324 0.996611 -0.0813384 -26.6073 -0.849022 0.0326188 0.52735 250.852
0.534176 0.073414 0.84218 -9.34991 -0.0129674 0.996816 -0.078669 -26.697 -0.845274 0.0311022 0.533427 251.392
0.538578 0.0721436 0.839482 -8.51731 -0.0138913 0.996952 -0.0767643 -26.783 -0.842461 0.0296821 0.537938 251.94
0.540681 0.0714892 0.838185 -7.69778 -0.0161899 0.997082 -0.0745981 -26.8586 -0.841072 0.0267637 0.540261 252.508
0.544418 0.0678769 0.836063 -6.86225 -0.0153992 0.997361 -0.0709446 -26.9521 -0.838673 0.0257487 0.544026 253.049
0.546484 0.0664762 0.834827 -6.0317 -0.0178474 0.997543 -0.06775 -27.0357 -0.837279 0.0221248 0.546328 253.6
0.548529 0.0639906 0.833679 -5.20939 -0.0164289 0.9977 -0.0657707 -27.1256 -0.83597 0.0223807 0.548318 254.162
0.550272 0.0648729 0.832462 -4.38138 -0.0166732 0.997632 -0.0667232 -27.206 -0.834819 0.0228361 0.550051 254.716
0.551733 0.0687371 0.831184 -3.54934 -0.0206095 0.997417 -0.0688039 -27.2884 -0.833766 0.0208311 0.551725 255.265
0.553235 0.0692799 0.830139 -2.71773 -0.0198727 0.99735 -0.0699907 -27.3625 -0.832788 0.0222243 0.553146 255.815
0.555222 0.0684966 0.828877 -1.89443 -0.0210728 0.997442 -0.0683109 -27.4428 -0.831435 0.020461 0.555245 256.377
0.557287 0.0639623 0.827852 -1.06854 -0.0157235 0.997663 -0.0664978 -27.5178 -0.830171 0.0240417 0.55699 256.936
0.559629 0.0597921 0.826584 -0.237658 -0.0137204 0.997926 -0.0628971 -27.5992 -0.82863 0.023858 0.559288 257.487
0.560716 0.0572099 0.82603 0.58505 -0.0132859 0.998103 -0.060109 -27.6739 -0.827902 0.0227295 0.560412 258.05
0.562652 0.0545977 0.824889 1.42901 -0.0147984 0.998322 -0.055983 -27.7614 -0.826562 0.0192919 0.562516 258.579
0.563496 0.053708 0.824371 2.25887 -0.0135074 0.99835 -0.0558098 -27.8422 -0.826008 0.0203135 0.563292 259.131
0.566959 0.0512625 0.822149 3.11684 -0.0107546 0.998437 -0.0548379 -27.9177 -0.823676 0.022249 0.566625 259.64
0.566321 0.0488618 0.822735 3.88643 -0.00630308 0.998469 -0.0549599 -27.9614 -0.824161 0.0259392 0.565762 260.277
0.565942 0.0482677 0.823031 4.70018 -0.00875855 0.99858 -0.0525404 -28.0314 -0.824398 0.0225263 0.565561 260.854
0.567791 0.046809 0.821841 5.5366 -0.0107867 0.998719 -0.0494311 -28.1094 -0.823102 0.0192016 0.567569 261.396
0.568693 0.044221 0.82136 6.35894 -0.010218 0.998857 -0.0467025 -28.1727 -0.822486 0.0181667 0.568494 261.962
0.569827 0.0436608 0.820604 7.18814 -0.0116556 0.998917 -0.0450545 -28.2453 -0.821682 0.0161087 0.569719 262.516
0.571294 0.042444 0.819647 8.00499 -0.0111322 0.998971 -0.0439708 -28.304 -0.82067 0.0159958 0.571179 263.09
0.572513 0.0406822 0.818886 8.8238 -0.0110213 0.99906 -0.0419279 -28.3594 -0.819822 0.0149791 0.572423 263.661
0.57368 0.0399329 0.818106 9.64105 -0.0133271 0.999134 -0.0394238 -28.4164 -0.818971 0.0117137 0.573715 264.234
0.576416 0.0380815 0.816269 10.4662 -0.0127353 0.999211 -0.0376232 -28.4806 -0.817057 0.0112912 0.576446 264.796
0.579249 0.0375025 0.814287 11.2815 -0.0126252 0.999234 -0.0370393 -28.5338 -0.815053 0.0111744 0.579279 265.372
0.582082 0.035767 0.812343 12.091 -0.0120498 0.999302 -0.0353644 -28.5822 -0.813041 0.0107964 0.582107 265.957
0.585094 0.0318591 0.810339 12.8922 -0.00979821 0.999433 -0.0322188 -28.6291 -0.810906 0.0109112 0.585074 266.554
0.589573 0.0282387 0.807221 13.6928 -0.00814698 0.999546 -0.0290163 -28.6794 -0.807674 0.0105308 0.589535 267.151
0.595391 0.0264464 0.803001 14.4903 -0.00691352 0.99959 -0.0277949 -28.7197 -0.803406 0.0109973 0.595329 267.753
0.60097 0.0252623 0.798872 15.2826 -0.00531537 0.999605 -0.0276114 -28.7632 -0.799254 0.0123473 0.600867 268.362
0.606605 0.02807 0.794508 16.0686 -0.00967637 0.999563 -0.0279267 -28.81 -0.794945 0.00925251 0.606611 268.978
0.61185 0.0261142 0.790543 16.8418 -0.0071782 0.999597 -0.0274643 -28.855 -0.790941 0.0111293 0.611791 269.611
0.618219 0.0245353 0.785623 17.6149 -0.00903386 0.999668 -0.0241112 -28.8995 -0.785954 0.00780877 0.618236 270.243
0.624715 0.0211556 0.780566 18.3922 -0.00782332 0.999752 -0.0208349 -28.9396 -0.780814 0.00690926 0.624726 270.871
0.630981 0.0217273 0.775494 19.127 -0.010233 0.999754 -0.0196845 -28.9695 -0.775731 0.00448491 0.631048 271.549
0.638974 0.0233233 0.768875 19.8915 -0.0115198 0.999718 -0.0207523 -29.004 -0.769142 0.00440288 0.639062 272.193
0.648694 0.0219754 0.760732 20.6783 -0.00946626 0.999739 -0.0208075 -29.0378 -0.760991 0.00629644 0.648732 272.809
0.658388 0.0214941 0.752372 21.4282 -0.00833125 0.999739 -0.0212705 -29.0675 -0.752633 0.00773603 0.658395 273.47
0.662562 0.0361702 0.748134 22.083 -0.0281132 0.99933 -0.0234172 -29.0895 -0.74848 -0.00551706 0.663135 274.225
0.671643 0.0347178 0.740061 22.8208 -0.0291812 0.999366 -0.020399 -29.1382 -0.7403 -0.00789497 0.672231 274.898
0.680446 0.0346016 0.731981 23.5463 -0.0319806 0.999335 -0.0175107 -29.1752 -0.7321 -0.0114941 0.6811 275.586
0.690165 0.0331815 0.722891 24.2932 -0.0309145 0.999388 -0.016358 -29.2071 -0.722991 -0.0110581 0.690769 276.25
0.698954 0.0304809 0.714517 24.9961 -0.0294635 0.99947 -0.0138151 -29.2315 -0.714559 -0.0113961 0.699482 276.961
0.70988 0.0256381 0.703855 25.778 -0.027784 0.999579 -0.00838816 -29.2735 -0.703774 -0.0136013 0.710294 277.583
0.717732 0.0220089 0.695972 26.4514 -0.0280146 0.999604 -0.00272031 -29.2945 -0.695756 -0.0175449 0.718064 278.322
0.725226 0.0198435 0.688225 27.0905 -0.0277587 0.999615 0.000429345 -29.3251 -0.687951 -0.0194156 0.725497 279.09
0.733805 0.0174429 0.679137 27.7531 -0.0241172 0.999709 0.000382154 -29.3421 -0.678932 -0.0166593 0.734012 279.839
0.743023 0.0157708 0.66908 28.4124 -0.0225847 0.999744 0.00151575 -29.3529 -0.668885 -0.0162372 0.743189 280.591
0.752044 0.0158373 0.658922 29.0752 -0.0250642 0.999675 0.00457907 -29.3708 -0.658636 -0.019959 0.752197 281.339
0.761196 0.0136529 0.648378 29.7393 -0.0246476 0.999665 0.0078863 -29.3943 -0.648053 -0.021984 0.761278 282.087
0.76976 0.0138464 0.638184 30.3614 -0.0270321 0.999575 0.010918 -29.4055 -0.637761 -0.0256557 0.769807 282.869
0.778386 0.0158456 0.627586 30.9837 -0.030461 0.999457 0.0125455 -29.4169 -0.627047 -0.0288821 0.778446 283.652
0.787064 0.012778 0.616739 31.6029 -0.0285246 0.99947 0.0156947 -29.4196 -0.616212 -0.029945 0.787011 284.437
0.794902 0.0164823 0.606513 32.1855 -0.0337758 0.999283 0.0171109 -29.429 -0.605796 -0.034087 0.794889 285.25
0.802488 0.0164466 0.596442 32.7796 -0.034217 0.999243 0.018484 -29.4275 -0.595686 -0.0352416 0.802444 286.054
0.80868 0.0196077 0.587922 33.3461 -0.0382995 0.999079 0.0193606 -29.4271 -0.587 -0.0381736 0.808686 286.879
0.814014 0.0219305 0.580431 33.9137 -0.0418424 0.998905 0.0209392 -29.4252 -0.579336 -0.0413314 0.81404 287.702
0.819504 0.0247766 0.572537 34.4827 -0.0441368 0.998826 0.0199512 -29.4167 -0.571371 -0.04162 0.819636 288.524
0.825121 0.0273142 0.564296 35.0481 -0.0461872 0.998748 0.0191922 -29.4166 -0.563065 -0.0418991 0.82535 289.349
0.829969 0.0294979 0.557029 35.5959 -0.0503019 0.99849 0.0220736 -29.4161 -0.555537 -0.04634 0.830199 290.186
0.834214 0.0339646 0.550394 36.1408 -0.0581225 0.997957 0.0265108 -29.4119 -0.548369 -0.0541059 0.834484 291.024
0.838283 0.0404953 0.543729 36.7074 -0.066511 0.997385 0.0282598 -29.398 -0.541163 -0.0598537 0.838785 291.848
0.84236 0.0399818 0.53743 37.2091 -0.0663096 0.997356 0.0297349 -29.3914 -0.53482 -0.0606843 0.842784 292.713
0.845176 0.0432484 0.532735 37.7231 -0.0717477 0.99688 0.0328981 -29.3791 -0.52965 -0.0660272 0.845643 293.571
0.847314 0.0449572 0.529186 38.2199 -0.0741195 0.996669 0.034005 -29.3572 -0.525895 -0.0680359 0.847824 294.438
0.848968 0.0491623 0.526153 38.7336 -0.0763126 0.996632 0.0300106 -29.3376 -0.522906 -0.0656302 0.84986 295.296
0.850355 0.0524999 0.523584 39.2419 -0.0762066 0.996808 0.0238172 -29.3201 -0.520662 -0.0601536 0.851641 296.157
0.85053 0.0576965 0.522751 39.7459 -0.0798872 0.996604 0.0199826 -29.315 -0.519823 -0.058757 0.852251 297.021
0.850994 0.0613352 0.521581 40.2751 -0.0837615 0.996295 0.0195034 -29.3017 -0.518453 -0.0602857 0.852979 297.869
0.851311 0.0584854 0.521391 40.7827 -0.0814255 0.996454 0.0211749 -29.2894 -0.518304 -0.0604809 0.853055 298.731
0.851828 0.0608571 0.520274 41.3318 -0.0845808 0.996175 0.0219576 -29.2854 -0.516948 -0.0627093 0.853717 299.566
0.853037 0.0564019 0.518794 41.8453 -0.0788712 0.996657 0.0213317 -29.2813 -0.515856 -0.0591146 0.854633 300.424
0.850638 0.0687069 0.521244 42.373 -0.0929603 0.995459 0.0204907 -29.3256 -0.517469 -0.0658851 0.853162 301.273
0.851294 0.0710347 0.519859 42.9064 -0.0946585 0.995328 0.0190038 -29.3216 -0.51608 -0.0653869 0.854041 302.119
0.850964 0.074223 0.519953 43.3951 -0.0976111 0.995067 0.0177067 -29.3168 -0.516074 -0.065821 0.854011 302.991
0.85148 0.0749993 0.518996 43.8874 -0.0990766 0.994903 0.0187761 -29.3179 -0.514942 -0.0674078 0.85457 303.861
0.852108 0.08329 0.516696 44.3715 -0.109297 0.993807 0.0200481 -29.32 -0.511827 -0.0735565 0.855934 304.736
0.854897 0.0860675 0.511609 44.8846 -0.112132 0.993487 0.0202384 -29.3148 -0.506535 -0.0746694 0.85898 305.595
0.860538 0.0787115 0.503269 45.3587 -0.103449 0.994405 0.0213622 -29.303 -0.498772 -0.0704458 0.863866 306.475
0.866793 0.074118 0.49313 45.8613 -0.0980992 0.994913 0.022896 -29.2908 -0.488924 -0.0682218 0.869654 307.34
0.872804 0.0742022 0.482397 46.3383 -0.0983367 0.994842 0.0248949 -29.2825 -0.478061 -0.0691657 0.875599 308.218
0.879914 0.0735186 0.46941 46.8261 -0.0966357 0.994998 0.0253089 -29.2828 -0.465201 -0.0676314 0.882618 309.091
0.882872 0.0916005 0.460594 47.1961 -0.115585 0.993006 0.0240701 -29.2487 -0.455167 -0.0744883 0.887285 310.02
0.889003 0.0928082 0.448398 47.6562 -0.11778 0.992643 0.0280585 -29.2366 -0.442495 -0.0777564 0.893393 310.908
0.89468 0.0936091 0.436789 48.1074 -0.119161 0.992378 0.0314003 -29.2325 -0.43052 -0.0801413 0.899016 311.8
0.899883 0.0961513 0.425401 48.506 -0.121267 0.992095 0.032288 -29.2033 -0.418933 -0.0806426 0.904429 312.717
0.905475 0.0968023 0.413213 48.9044 -0.121599 0.991994 0.0340685 -29.1877 -0.406607 -0.0810945 0.909997 313.634
0.910413 0.100532 0.401301 49.3018 -0.125594 0.991408 0.0365677 -29.1625 -0.394176 -0.0836928 0.915216 314.551
0.914797 0.107819 0.389258 49.6947 -0.132701 0.990446 0.037521 -29.1454 -0.381493 -0.085979 0.920364 315.47
0.919527 0.112002 0.376729 50.0668 -0.136368 0.989908 0.0385468 -29.1354 -0.36861 -0.0868185 0.925521 316.399
0.923171 0.117537 0.365979 50.4189 -0.141529 0.989153 0.0393271 -29.1125 -0.357387 -0.0881022 0.929792 317.334
0.925704 0.123981 0.357352 50.7658 -0.148074 0.988136 0.0407502 -29.0892 -0.348061 -0.090637 0.93308 318.272
0.927363 0.127255 0.351859 51.0872 -0.151291 0.987615 0.0415581 -29.0606 -0.342213 -0.0917724 0.93513 319.218
0.92921 0.127772 0.34676 51.4148 -0.151375 0.987595 0.0417374 -29.0374 -0.337125 -0.0912737 0.937025 320.163
0.930623 0.12851 0.342676 51.7633 -0.15175 0.987536 0.0417717 -29.0158 -0.333036 -0.0908748 0.938525 321.1
0.932739 0.125965 0.337831 52.0996 -0.14864 0.987999 0.0419995 -28.9872 -0.328486 -0.0893898 0.940269 322.041
0.934319 0.125608 0.333572 52.4176 -0.147848 0.988116 0.0420361 -28.9627 -0.324327 -0.0885931 0.941787 322.989
0.93682 0.122533 0.32765 52.749 -0.14362 0.988789 0.0408582 -28.9328 -0.31897 -0.0853339 0.943915 323.932
0.93833 0.123564 0.322906 53.0599 -0.143813 0.988815 0.0395233 -28.9067 -0.314411 -0.0835239 0.945605 324.882
0.94005 0.124604 0.317458 53.3603 -0.144165 0.988793 0.0387926 -28.8865 -0.309067 -0.0822332 0.947479 325.836
0.941879 0.126853 0.311081 53.674 -0.146003 0.988517 0.0389647 -28.8715 -0.302566 -0.0821188 0.949584 326.785
0.943759 0.12897 0.304444 53.9786 -0.148339 0.988075 0.0412683 -28.8503 -0.295491 -0.0841081 0.951636 327.737
0.945388 0.131186 0.298382 54.2614 -0.151386 0.987426 0.0455185 -28.8146 -0.288659 -0.0882035 0.953361 328.696
0.947464 0.12933 0.292549 54.5311 -0.149749 0.987538 0.0484147 -28.7816 -0.282642 -0.0896802 0.955024 329.658
0.948936 0.130543 0.28719 54.8003 -0.150398 0.987455 0.0480968 -28.7574 -0.277308 -0.0888336 0.956665 330.621
0.950516 0.128757 0.282738 55.0752 -0.147215 0.988083 0.0449448 -28.7303 -0.273582 -0.0843441 0.958144 331.582
0.951753 0.127591 0.279082 55.3526 -0.145487 0.988368 0.0442912 -28.7038 -0.270185 -0.0827572 0.959245 332.543
0.952349 0.12734 0.277157 55.631 -0.145141 0.988405 0.044597 -28.6787 -0.268265 -0.0826987 0.959789 333.503
0.951622 0.130995 0.277951 55.9115 -0.14928 0.987744 0.0455781 -28.6537 -0.268574 -0.0848655 0.959513 334.462
0.949181 0.135568 0.284038 56.1702 -0.154882 0.986835 0.0465708 -28.6289 -0.273985 -0.0881964 0.957681 335.428
0.945007 0.141174 0.29501 56.4259 -0.161429 0.985842 0.0453444 -28.5953 -0.284432 -0.0904741 0.954418 336.394
0.941033 0.143401 0.30642 56.7323 -0.164618 0.985357 0.0444156 -28.5757 -0.295564 -0.0922387 0.95086 337.346
0.936545 0.146613 0.318416 57.0318 -0.169015 0.984642 0.043743 -28.5668 -0.307113 -0.0947843 0.946941 338.3
0.925615 0.178271 0.333851 57.0022 -0.198809 0.979635 0.0280965 -28.4848 -0.322044 -0.0923792 0.942207 339.296
0.922169 0.175839 0.344507 57.2676 -0.197217 0.979968 0.0277226 -28.5018 -0.332731 -0.0935077 0.938374 340.26
0.92019 0.17353 0.35091 57.5762 -0.195125 0.980411 0.0268492 -28.5239 -0.339376 -0.0931776 0.936024 341.211
0.918637 0.170178 0.356576 57.8657 -0.191536 0.981163 0.0251829 -28.543 -0.345573 -0.091431 0.933927 342.168
0.9043 0.2315 0.358678 57.6256 -0.240331 0.970476 -0.0204458 -28.3787 -0.352821 -0.0677123 0.933237 343.125
0.905919 0.228781 0.356329 57.9525 -0.237172 0.971249 -0.0206129 -28.4132 -0.3508 -0.0658375 0.934133 344.069
0.907956 0.228738 0.351134 58.2571 -0.23758 0.971195 -0.0183318 -28.4878 -0.345213 -0.0667778 0.936146 345.019
0.913585 0.223302 0.339852 58.6266 -0.231123 0.972761 -0.0178557 -28.5084 -0.334582 -0.0622352 0.940309 345.948
0.918913 0.219326 0.327863 58.9644 -0.227179 0.973743 -0.0146702 -28.5594 -0.322472 -0.061003 0.944611 346.887
0.923897 0.21699 0.315167 59.2474 -0.224864 0.974321 -0.0116359 -28.5881 -0.309599 -0.0601194 0.948965 347.846
0.930489 0.21245 0.298421 59.557 -0.220265 0.97541 -0.00761176 -28.6199 -0.2927 -0.058649 0.954404 348.796
0.936892 0.209487 0.279909 59.8201 -0.217256 0.976109 -0.00334618 -28.6504 -0.273923 -0.0576769 0.960021 349.761
0.944501 0.201608 0.259367 60.0537 -0.208691 0.977982 -0.000230893 -28.6529 -0.253703 -0.0539095 0.965779 350.733
0.950304 0.201997 0.236894 60.2784 -0.208564 0.978005 0.00272014 -28.6535 -0.231134 -0.0519925 0.971532 351.708
0.956037 0.202144 0.21244 60.4754 -0.208305 0.97804 0.00678758 -28.6621 -0.206403 -0.0507415 0.97715 352.688
0.96228 0.198328 0.186236 60.6371 -0.203754 0.978968 0.0102645 -28.662 -0.180283 -0.0478236 0.982452 353.675
0.967354 0.197745 0.158502 60.7833 -0.202234 0.979257 0.0125412 -28.6561 -0.152734 -0.0441861 0.987279 354.664
0.970827 0.201385 0.130148 60.9046 -0.205277 0.978555 0.0170778 -28.6493 -0.123918 -0.0432961 0.991347 355.657
0.973657 0.203211 0.103431 60.9363 -0.206478 0.978208 0.0218154 -28.6373 -0.0967443 -0.0425971 0.994397 356.656
0.976302 0.204731 0.0701343 61.0526 -0.207149 0.977878 0.0290508 -28.6183 -0.0626352 -0.0428906 0.997114 357.649
0.978142 0.204189 0.0393115 61.0684 -0.205519 0.978083 0.033406 -28.5932 -0.0316288 -0.0407551 0.998668 358.649
0.977759 0.209494 0.00997829 61.0243 -0.209723 0.97703 0.0378075 -28.5769 -0.00182865 -0.0390593 0.999235 359.647
0.977818 0.208575 -0.0191964 61.0014 -0.20762 0.977275 0.0427476 -28.5514 0.0276762 -0.0378138 0.998901 360.647
0.977147 0.207655 -0.0454165 60.9422 -0.205658 0.97759 0.0449725 -28.5149 0.0537375 -0.0346044 0.997955 361.644
0.975256 0.210856 -0.0664418 60.8806 -0.207896 0.976934 0.0487772 -28.4819 0.0751942 -0.0337573 0.996597 362.642
0.972568 0.217522 -0.0824367 60.7945 -0.213432 0.975372 0.0556518 -28.4395 0.0925119 -0.0365305 0.995041 363.637
0.970569 0.22269 -0.0916798 60.6658 -0.217471 0.973994 0.0635715 -28.3907 0.103452 -0.0417629 0.993757 364.628
0.96904 0.22668 -0.0978661 60.5646 -0.221142 0.97312 0.0642884 -28.3517 0.109808 -0.0406557 0.993121 365.622
0.967971 0.22961 -0.101547 60.4441 -0.224647 0.972711 0.0580289 -28.2925 0.1121 -0.033358 0.993137 366.613
0.967469 0.230967 -0.103234 60.3381 -0.226491 0.972553 0.0533154 -28.2434 0.112715 -0.0281994 0.993227 367.606
0.966824 0.234088 -0.102244 60.2496 -0.229849 0.971857 0.0516065 -28.2122 0.111447 -0.0263938 0.99342 368.602
0.96784 0.231624 -0.0981684 60.0958 -0.227507 0.972419 0.0513906 -28.1681 0.107364 -0.0274038 0.993842 369.589
0.9679 0.23273 -0.0948995 60.0031 -0.228728 0.972142 0.0512136 -28.1267 0.104175 -0.0278635 0.994169 370.584
0.968846 0.22983 -0.0922768 59.8872 -0.226156 0.972877 0.0486115 -28.0855 0.100946 -0.0262281 0.994546 371.576
0.969163 0.229479 -0.089795 59.7717 -0.226394 0.973073 0.0432896 -28.0466 0.0973112 -0.0216256 0.995019 372.569
0.969911 0.226627 -0.0889552 59.677 -0.224053 0.973834 0.038062 -28.0181 0.0952534 -0.0169861 0.995308 373.564
0.970185 0.225864 -0.0878948 59.58 -0.223522 0.974042 0.035769 -27.9891 0.0936922 -0.0150562 0.995487 374.559
0.970129 0.22679 -0.086114 59.4758 -0.224392 0.973808 0.0366941 -27.9585 0.0921803 -0.0162747 0.995609 375.553
0.969958 0.228 -0.0848419 59.3888 -0.225441 0.973487 0.0387313 -27.933 0.0914232 -0.0184408 0.995641 376.548
0.969317 0.230854 -0.0844472 59.3057 -0.228209 0.972796 0.0398711 -27.9104 0.0913542 -0.0193762 0.99563 377.545
0.968826 0.23297 -0.0842732 59.2163 -0.230355 0.972298 0.0396548 -27.8751 0.091177 -0.0190058 0.995653 378.54
0.967996 0.236467 -0.0840608 59.1077 -0.233894 0.971464 0.0393872 -27.8412 0.0909758 -0.0184654 0.995682 379.534
0.967091 0.240016 -0.0844274 59.0294 -0.237496 0.97061 0.0388779 -27.8126 0.0912775 -0.0175473 0.995671 380.53
0.968084 0.235085 -0.0868831 58.9528 -0.232686 0.971851 0.0369197 -27.7784 0.0931167 -0.0155249 0.995534 381.527
0.968083 0.234673 -0.0879987 58.8354 -0.232524 0.971994 0.0340756 -27.749 0.0935308 -0.0125262 0.995538 382.519
0.968332 0.232059 -0.0920948 58.7647 -0.229969 0.972644 0.0328373 -27.7313 0.0971957 -0.0106185 0.995209 383.517
0.969145 0.226616 -0.0969742 58.6605 -0.224263 0.973912 0.0346612 -27.7074 0.102299 -0.011844 0.994683 384.511
0.969648 0.221489 -0.103566 58.5524 -0.218763 0.975072 0.0371236 -27.6842 0.109207 -0.0133403 0.99393 385.505
0.969683 0.216714 -0.112912 58.4357 -0.21353 0.976129 0.039717 -27.6596 0.118824 -0.0144028 0.992811 386.498
0.9696 0.211078 -0.123784 58.3188 -0.207608 0.977376 0.0404371 -27.6324 0.129519 -0.0135093 0.991485 387.49
0.969086 0.206825 -0.134523 58.1994 -0.203175 0.978306 0.0404703 -27.6017 0.139975 -0.0118874 0.990084 388.483
0.967934 0.206059 -0.143682 58.0391 -0.202117 0.978474 0.0416702 -27.5795 0.149175 -0.0112935 0.988746 389.47
0.966556 0.205986 -0.15277 57.8766 -0.201549 0.978483 0.0441548 -27.5626 0.158578 -0.0118876 0.987275 390.456
0.96543 0.203853 -0.162446 57.7138 -0.19879 0.978914 0.0470079 -27.5288 0.168604 -0.0130901 0.985597 391.442
0.963984 0.204216 -0.170386 57.5175 -0.198816 0.978843 0.0483626 -27.483 0.176657 -0.0127454 0.98419 392.422
0.962553 0.203213 -0.179434 57.3316 -0.197625 0.979068 0.0486792 -27.4497 0.18557 -0.0113957 0.982565 393.404
0.960879 0.202976 -0.18845 57.1349 -0.197309 0.979138 0.0485616 -27.4153 0.194375 -0.00947897 0.980882 394.384
0.960077 0.198533 -0.19707 56.9325 -0.192686 0.980056 0.0486142 -27.3708 0.202791 -0.00870087 0.979183 395.362
0.958434 0.198214 -0.205221 56.7346 -0.19205 0.980124 0.0497407 -27.3359 0.211001 -0.00826055 0.977451 396.341
0.956984 0.198447 -0.211662 56.4947 -0.19214 0.980084 0.0501743 -27.2865 0.217404 -0.0073473 0.976054 397.311
0.955724 0.195755 -0.21971 56.322 -0.189165 0.980628 0.050854 -27.2609 0.225408 -0.007041 0.974239 398.296
0.955469 0.187288 -0.228039 56.1273 -0.180718 0.982286 0.0495486 -27.2211 0.233279 -0.00613138 0.97239 399.276
0.954688 0.182736 -0.234899 55.8997 -0.176858 0.983159 0.0460388 -27.1826 0.239356 -0.00240905 0.970929 400.249
0.954171 0.176249 -0.241856 55.6931 -0.17125 0.984344 0.04171 -27.1523 0.245421 0.00161955 0.969415 401.227
0.953049 0.173913 -0.247895 55.4463 -0.168778 0.984759 0.0419863 -27.1265 0.251419 0.00182434 0.967877 402.195
0.952071 0.172985 -0.252263 55.1786 -0.166698 0.984922 0.0462565 -27.0951 0.256462 -0.00198772 0.966552 403.158
0.950944 0.172064 -0.257098 54.9311 -0.165521 0.985083 0.0470466 -27.0637 0.261358 -0.00218348 0.965239 404.127
0.949993 0.171893 -0.260702 54.6865 -0.165169 0.985113 0.0476571 -27.0277 0.265013 -0.00221394 0.964242 405.096
0.948206 0.177114 -0.263695 54.4253 -0.170258 0.984189 0.0488203 -26.9949 0.268173 -0.00139547 0.96337 406.06
0.947816 0.176399 -0.26557 54.1427 -0.168759 0.984311 0.0515077 -26.9623 0.270489 -0.00400258 0.962715 407.019
0.947602 0.176311 -0.266392 53.8611 -0.167463 0.9843 0.0557611 -26.9276 0.272041 -0.00822835 0.96225 407.978
0.947833 0.174063 -0.267047 53.612 -0.164578 0.984676 0.0576802 -26.8841 0.272995 -0.0107213 0.961956 408.946
0.947681 0.171887 -0.26899 53.3735 -0.162305 0.985056 0.0576407 -26.8311 0.274877 -0.0109667 0.961417 409.915
0.948071 0.168001 -0.270067 53.1126 -0.157786 0.985693 0.0592616 -26.7882 0.27616 -0.0135713 0.961016 410.88
0.948349 0.164046 -0.271519 52.8474 -0.153838 0.986356 0.0586168 -26.7485 0.27743 -0.0138194 0.960646 411.843
0.949071 0.15977 -0.271546 52.5443 -0.14937 0.987038 0.0586855 -26.6939 0.277402 -0.0151358 0.960635 412.794
0.949398 0.155672 -0.272783 52.2519 -0.145157 0.987681 0.0584443 -26.6388 0.278521 -0.0158905 0.960299 413.749
0.949306 0.153798 -0.27416 51.973 -0.142844 0.987949 0.0596071 -26.5889 0.280023 -0.0174234 0.959835 414.708
0.948521 0.157058 -0.27503 51.6895 -0.145611 0.987417 0.0616898 -26.5507 0.281258 -0.0184666 0.959454 415.666
0.947724 0.160831 -0.275596 51.4056 -0.148811 0.986784 0.0641313 -26.495 0.282268 -0.0197671 0.959132 416.624
0.94719 0.163407 -0.275914 51.1134 -0.150648 0.986316 0.0669706 -26.4525 0.283082 -0.0218679 0.958846 417.579
0.946541 0.16704 -0.275968 50.8262 -0.153796 0.985682 0.0691194 -26.3968 0.283562 -0.0229816 0.958678 418.535
0.946206 0.169489 -0.275621 50.546 -0.155898 0.985242 0.0706641 -26.3426 0.28353 -0.0238941 0.958666 419.494
0.946475 0.170468 -0.274092 50.2654 -0.156731 0.985055 0.0714304 -26.2861 0.282172 -0.0246484 0.959047 420.452
0.947132 0.170427 -0.271838 49.9708 -0.156282 0.985009 0.073032 -26.2244 0.280209 -0.0266876 0.959568 421.405
0.947649 0.170484 -0.269993 49.6909 -0.155734 0.984924 0.0753063 -26.1769 0.278762 -0.0293167 0.959913 422.364
0.948034 0.171422 -0.26804 49.4076 -0.156338 0.984713 0.0768083 -26.1105 0.277109 -0.0309122 0.960341 423.321
0.948224 0.17381 -0.265824 49.1245 -0.158174 0.984221 0.0793115 -26.0528 0.275414 -0.0331586 0.960754 424.278
0.948591 0.175326 -0.263508 48.8379 -0.159426 0.983903 0.0807344 -25.9968 0.273421 -0.0345739 0.961273 425.235
0.949061 0.17513 -0.261938 48.5572 -0.159368 0.983938 0.080427 -25.94 0.271816 -0.0345855 0.961727 426.193
0.949138 0.175878 -0.261157 48.3085 -0.160292 0.983822 0.0800028 -25.8892 0.271003 -0.0340724 0.961975 427.16
0.949858 0.174649 -0.259359 48.0159 -0.158703 0.983968 0.0813702 -25.827 0.269412 -0.0361292 0.962347 428.114
0.950289 0.174078 -0.258161 47.7597 -0.157263 0.983928 0.0845785 -25.768 0.268736 -0.0397748 0.962392 429.079
0.950853 0.173098 -0.256738 47.5106 -0.155466 0.983948 0.0876147 -25.7028 0.267783 -0.0433945 0.962501 430.045
0.951365 0.172175 -0.255463 47.2419 -0.154274 0.98404 0.0886877 -25.6341 0.266655 -0.0449631 0.962743 431.006
0.951651 0.172238 -0.254352 46.9862 -0.154394 0.984021 0.0886837 -25.5697 0.265562 -0.0451255 0.963037 431.971
0.952181 0.169968 -0.253894 46.747 -0.152101 0.984389 0.088568 -25.5097 0.264985 -0.0457151 0.963168 432.94
0.952869 0.166917 -0.253337 46.4748 -0.148857 0.984846 0.0889968 -25.4361 0.264352 -0.0470915 0.963276 433.899
0.953732 0.161076 -0.253869 46.2327 -0.142671 0.985721 0.0894391 -25.3709 0.26465 -0.0490812 0.963095 434.867
0.953693 0.159871 -0.254778 45.9882 -0.141892 0.986001 0.0875719 -25.2959 0.265211 -0.0473656 0.963026 435.834
0.954264 0.157896 -0.25387 45.7028 -0.139644 0.986239 0.0884957 -25.2264 0.26435 -0.0489969 0.963182 436.79
0.954577 0.155886 -0.253936 45.4262 -0.137147 0.986453 0.0900105 -25.1531 0.264527 -0.0510955 0.963024 437.748
0.954553 0.15619 -0.253838 45.17 -0.136552 0.986226 0.0933362 -25.0773 0.26492 -0.0544321 0.962733 438.712
0.954216 0.157225 -0.254462 44.9266 -0.137577 0.986081 0.0933691 -25.0031 0.265601 -0.0540862 0.962565 439.679
0.954036 0.157853 -0.25475 44.6682 -0.138104 0.985971 0.0937477 -24.9279 0.265974 -0.0542567 0.962452 440.642
0.954102 0.156801 -0.255153 44.4059 -0.137262 0.986181 0.0927741 -24.8592 0.266174 -0.053493 0.96244 441.605
0.954272 0.155977 -0.255021 44.1289 -0.136135 0.98624 0.0937981 -24.7734 0.266142 -0.0547916 0.962375 442.562
0.954484 0.154361 -0.255211 43.8555 -0.134 0.986375 0.0954379 -24.6992 0.266466 -0.0568956 0.962164 443.521
0.954356 0.154617 -0.255534 43.5889 -0.133863 0.986259 0.0968144 -24.6251 0.266992 -0.0581889 0.96194 444.482
0.95439 0.153176 -0.256274 43.3256 -0.132286 0.986457 0.0969635 -24.5512 0.267656 -0.0586394 0.961728 445.444
0.953926 0.154672 -0.257102 43.0791 -0.133659 0.986229 0.0974011 -24.48 0.268627 -0.0585496 0.961463 446.41
0.953565 0.156984 -0.257041 42.82 -0.13584 0.985856 0.0981603 -24.4031 0.268815 -0.0586857 0.961402 447.373
0.953488 0.157591 -0.256956 42.5557 -0.13605 0.985675 0.0996716 -24.3186 0.268982 -0.0600768 0.96127 448.334
0.953424 0.158469 -0.256653 42.2924 -0.136472 0.985433 0.101479 -24.2392 0.268995 -0.0617262 0.961161 449.295
0.953341 0.159075 -0.256585 42.0333 -0.136525 0.985211 0.103542 -24.1559 0.269261 -0.0636807 0.96096 450.257
0.953364 0.158968 -0.256566 41.7644 -0.13572 0.985058 0.106024 -24.0683 0.269587 -0.0662587 0.960694 451.216
0.953319 0.158434 -0.257064 41.5068 -0.134007 0.984854 0.110023 -23.984 0.270602 -0.0704384 0.960111 452.179
0.953129 0.158176 -0.257925 41.2417 -0.132593 0.984611 0.113847 -23.8878 0.271963 -0.0743116 0.959434 453.138
0.952671 0.159362 -0.258886 40.9672 -0.132739 0.984178 0.117366 -23.7898 0.273493 -0.0774472 0.958751 454.095
0.952519 0.157721 -0.260445 40.7009 -0.130277 0.98424 0.119579 -23.6835 0.2752 -0.0799711 0.958055 455.053
0.952176 0.156631 -0.262351 40.444 -0.128423 0.984246 0.121524 -23.5873 0.277252 -0.0820208 0.95729 456.015
0.95201 0.154767 -0.264054 40.1784 -0.125907 0.984384 0.123024 -23.4842 0.278971 -0.0838741 0.95663 456.973
0.951458 0.154901 -0.265959 39.9133 -0.125513 0.98428 0.124252 -23.3811 0.281025 -0.0848396 0.955943 457.932
0.951307 0.153282 -0.267431 39.6462 -0.123548 0.984463 0.124776 -23.2741 0.282402 -0.0856595 0.955464 458.89
0.95141 0.152055 -0.267764 39.3962 -0.122122 0.984587 0.125195 -23.1472 0.282674 -0.0864119 0.955316 459.85
0.951353 0.153158 -0.267339 39.1262 -0.123345 0.984453 0.125055 -23.0349 0.282336 -0.0859969 0.955453 460.806
0.952101 0.151163 -0.265809 38.8334 -0.121552 0.984731 0.124619 -22.9181 0.280588 -0.0863406 0.955937 461.755
0.952736 0.146314 -0.266245 38.6131 -0.116777 0.985429 0.123664 -22.8001 0.28046 -0.0867274 0.95594 462.723
0.953208 0.144844 -0.265356 38.3394 -0.115084 0.985518 0.124541 -22.6817 0.279553 -0.0881757 0.956073 463.678
0.953441 0.144727 -0.264582 38.0679 -0.114775 0.98544 0.125439 -22.5861 0.278884 -0.0892309 0.95617 464.635
0.953505 0.144841 -0.264289 37.7905 -0.1153 0.985544 0.124134 -22.4778 0.278449 -0.0878901 0.956421 465.59
0.953982 0.143417 -0.263343 37.5039 -0.114679 0.985943 0.121511 -22.362 0.277068 -0.0857198 0.957019 466.541
0.954575 0.142317 -0.261787 37.2011 -0.114436 0.986289 0.118904 -22.2384 0.27512 -0.0835446 0.957773 467.486
0.954853 0.143229 -0.260271 36.9074 -0.115941 0.986292 0.117412 -22.1199 0.27352 -0.0819355 0.95837 468.434
0.955272 0.143163 -0.258767 36.6143 -0.116391 0.9864 0.116055 -22.0121 0.271862 -0.0807459 0.958943 469.384
0.955692 0.141408 -0.258179 36.3427 -0.114783 0.986652 0.115512 -21.9228 0.271067 -0.0807589 0.959167 470.343
0.956273 0.139188 -0.257233 36.0776 -0.113026 0.987041 0.113906 -21.8228 0.269754 -0.0798516 0.959613 471.302
0.956656 0.138813 -0.256008 35.8414 -0.113002 0.98715 0.112985 -21.7253 0.268402 -0.0791586 0.960049 472.268
0.957403 0.139375 -0.25289 35.5791 -0.114062 0.987117 0.112207 -21.6346 0.265271 -0.0785819 0.960966 473.229
0.958999 0.137379 -0.247886 35.3228 -0.112902 0.987447 0.110461 -21.5512 0.259949 -0.0779446 0.962471 474.192
0.960582 0.13772 -0.241484 35.087 -0.114112 0.987445 0.109227 -21.4781 0.253495 -0.077365 0.964238 475.161
0.962376 0.140129 -0.232803 34.8803 -0.117291 0.987068 0.109269 -21.395 0.245104 -0.077852 0.966366 476.136
0.964806 0.143122 -0.220603 34.649 -0.12072 0.986353 0.111956 -21.3089 0.233616 -0.081385 0.968917 477.105
0.967656 0.145018 -0.206426 34.4508 -0.122899 0.985583 0.116282 -21.2165 0.220313 -0.0871512 0.971528 478.081
0.971169 0.144973 -0.189244 34.2467 -0.124111 0.985246 0.117842 -21.1202 0.203536 -0.0909572 0.974833 479.055
0.974679 0.144259 -0.170852 34.0802 -0.12555 0.985316 0.115713 -21.0154 0.185036 -0.0913329 0.978478 480.036
0.977996 0.145635 -0.14938 33.9187 -0.129301 0.985051 0.11382 -20.8973 0.163723 -0.0920001 0.982207 481.015
0.981062 0.147918 -0.125052 33.7726 -0.134166 0.9846 0.112079 -20.7943 0.139704 -0.0931789 0.985799 481.999
0.98387 0.147715 -0.100893 33.7034 -0.136384 0.984389 0.111255 -20.7103 0.115752 -0.0957001 0.988657 482.993
0.986374 0.146634 -0.0746026 33.6313 -0.138249 0.984567 0.107311 -20.6237 0.0891867 -0.0955348 0.991423 483.987
0.988162 0.145715 -0.0479967 33.5909 -0.140297 0.984883 0.101601 -20.5658 0.0620759 -0.0936646 0.993667 484.985
0.989011 0.146524 -0.0196863 33.5164 -0.144049 0.98503 0.0946903 -20.4648 0.033266 -0.090814 0.995312 485.977
0.98933 0.145561 0.00625052 33.5494 -0.14553 0.985255 0.0899649 -20.401 0.00693701 -0.0899145 0.995925 486.974
0.989064 0.143524 0.0339556 33.5656 -0.145966 0.985543 0.0860223 -20.3227 -0.0211185 -0.0900379 0.995714 487.971
0.988294 0.141138 0.057925 33.7143 -0.145682 0.985791 0.0836217 -20.2951 -0.0452997 -0.0910814 0.994813 488.959
0.987075 0.136706 0.0836263 33.7983 -0.143473 0.986327 0.0810863 -20.2413 -0.0713978 -0.0920364 0.993193 489.954
0.98529 0.132538 0.107876 33.9298 -0.141315 0.986869 0.0782231 -20.1862 -0.0960921 -0.092317 0.991082 490.944
0.982475 0.130734 0.132859 34.0632 -0.141423 0.987146 0.0744512 -20.1345 -0.121418 -0.0919357 0.988335 491.934
0.978893 0.129294 0.158277 34.2387 -0.141811 0.987382 0.0704778 -20.0792 -0.147167 -0.0914356 0.984876 492.917
0.973962 0.129631 0.185994 34.3634 -0.14368 0.987546 0.0641033 -19.9871 -0.175368 -0.0891579 0.980458 493.905
0.969449 0.12717 0.209753 34.5698 -0.142403 0.988041 0.059135 -19.9392 -0.199724 -0.0871979 0.975965 494.882
0.964772 0.124433 0.231799 34.7993 -0.140472 0.988613 0.0539592 -19.9059 -0.222445 -0.0846195 0.971266 495.855
0.959514 0.123382 0.253198 35.031 -0.140257 0.98887 0.0496406 -19.8794 -0.244255 -0.0831435 0.96614 496.827
0.954613 0.121721 0.271842 35.3242 -0.139238 0.989188 0.0460318 -19.8652 -0.2633 -0.0817933 0.96124 497.783
0.949512 0.120513 0.28966 35.6157 -0.138754 0.989384 0.043204 -19.8394 -0.281378 -0.0812141 0.956154 498.739
0.9437 0.121023 0.30787 35.8988 -0.139537 0.989458 0.0387634 -19.8109 -0.299933 -0.0795403 0.950639 499.698
0.937776 0.121246 0.325384 36.213 -0.140198 0.989492 0.0353485 -19.7855 -0.317679 -0.0787671 0.944921 500.647
0.932399 0.118244 0.341542 36.5666 -0.137466 0.989972 0.0325427 -19.7704 -0.334269 -0.0772932 0.939303 501.582
0.926139 0.117107 0.358543 36.926 -0.136741 0.990158 0.0298034 -19.7656 -0.351524 -0.0766295 0.933037 502.515
0.919574 0.115824 0.375457 37.3014 -0.136017 0.990321 0.0276309 -19.754 -0.368623 -0.0764772 0.926428 503.442
0.912744 0.112256 0.392807 37.6931 -0.133222 0.990734 0.0264314 -19.7471 -0.3862 -0.0764559 0.919241 504.362
0.906243 0.10892 0.408486 38.114 -0.130934 0.991044 0.0262268 -19.7539 -0.401971 -0.0772524 0.912388 505.269
0.898392 0.110031 0.425188 38.5254 -0.132137 0.99097 0.02275 -19.7505 -0.418845 -0.0766213 0.904819 506.181
0.89118 0.108615 0.440455 38.9814 -0.130128 0.991318 0.0188326 -19.7597 -0.434586 -0.0740987 0.897577 507.071
0.883177 0.110591 0.455815 39.4218 -0.130948 0.991301 0.0132107 -19.7634 -0.450389 -0.0713556 0.889976 507.969
0.874943 0.111666 0.471175 39.8929 -0.131286 0.991305 0.00885626 -19.7775 -0.466089 -0.0696074 0.881995 508.851
0.865119 0.116096 0.487945 40.3712 -0.135056 0.990831 0.00370376 -19.7854 -0.483042 -0.069104 0.872866 509.729
0.854553 0.11692 0.506032 40.8715 -0.136213 0.990679 0.00112834 -19.8019 -0.501184 -0.0698925 0.862514 510.594
0.843326 0.114863 0.524984 41.3981 -0.13507 0.990836 0.000185291 -19.8241 -0.520152 -0.0710658 0.851112 511.444
0.83148 0.112639 0.544016 41.9442 -0.134134 0.990963 -0.000167482 -19.8476 -0.539119 -0.0728318 0.839075 512.282
0.8176 0.112579 0.564674 42.5005 -0.134592 0.990898 -0.00267731 -19.8702 -0.559835 -0.0738114 0.82531 513.112
0.802051 0.112335 0.586596 43.0783 -0.134587 0.990885 -0.00573683 -19.893 -0.581894 -0.0743468 0.809859 513.928
0.786104 0.110067 0.608215 43.6904 -0.131015 0.991329 -0.0100651 -19.909 -0.60405 -0.0717729 0.793708 514.719
0.770422 0.107836 0.628348 44.3617 -0.127241 0.99177 -0.0141942 -19.9471 -0.624707 -0.0690163 0.777803 515.459
0.753294 0.106237 0.649046 45.0118 -0.12495 0.992011 -0.0173545 -19.9879 -0.645705 -0.0680255 0.760551 516.218
0.736338 0.103226 0.668694 45.6976 -0.120799 0.992472 -0.0201892 -20.0257 -0.665744 -0.0659116 0.743264 516.945
0.719646 0.100098 0.687088 46.4083 -0.11678 0.992907 -0.0223379 -20.0692 -0.68445 -0.0641626 0.726231 517.647
0.703476 0.0971595 0.704047 47.1369 -0.11255 0.993341 -0.0246242 -20.1224 -0.701751 -0.0619177 0.709727 518.33
0.686366 0.0982829 0.720584 47.8344 -0.111728 0.993314 -0.0290593 -20.1595 -0.718622 -0.0605637 0.692758 519.045
0.671241 0.0971892 0.73484 48.5533 -0.108553 0.993567 -0.0322501 -20.2045 -0.733247 -0.0581216 0.677474 519.739
0.657055 0.0940253 0.747956 49.3053 -0.104869 0.993944 -0.0328248 -20.2558 -0.746513 -0.0568694 0.662936 520.396
0.64294 0.0917269 0.760404 50.074 -0.104406 0.994032 -0.031631 -20.3156 -0.758767 -0.0590543 0.648679 521.033
