0.99999 0.00135895 0.00430378 0.00494351 -0.00136155 0.999999 0.00060076 0.0660478 -0.00430296 -0.000606613 0.999991 0.997804
0.999908 0.00519264 0.0125691 0.00957448 -0.00520232 0.999986 0.000737533 0.141333 -0.0125651 -0.000802853 0.999921 1.99496
0.999316 0.00722294 0.0362586 0.114989 -0.00726693 0.999973 0.0010817 0.245873 -0.0362498 -0.00134445 0.999342 2.98387
0.998977 0.00556025 0.0448842 0.295901 -0.0055917 0.999984 0.000575103 0.314996 -0.0448803 -0.000825493 0.998992 3.96494
0.998986 0.00455605 0.044785 0.441637 -0.00454198 0.99999 -0.000415796 0.385529 -0.0447865 0.000211962 0.998997 4.95175
0.999117 0.00288625 0.0419237 0.603165 -0.00284373 0.999995 -0.00107378 0.450204 -0.0419267 0.000953611 0.99912 5.93649
0.999353 0.00283049 0.0358476 0.784711 -0.00278482 0.999995 -0.00132377 0.526924 -0.0358512 0.00122309 0.999356 6.91688
0.999911 0.00153605 0.0132465 0.931985 -0.00150046 0.999995 -0.00269653 0.587348 -0.0132506 0.00267641 0.999909 7.90413
0.999877 -0.000987481 -0.0156391 1.05652 0.000912622 0.999988 -0.00479309 0.680547 0.0156437 0.00477823 0.999866 8.89196
0.99984 -0.0157459 -0.00853933 0.189408 0.0158826 0.999743 0.016179 0.508915 0.00828238 -0.0163121 0.999833 9.35957
0.999876 -0.0144201 -0.00636635 0.213622 0.014515 0.99978 0.0151333 0.601613 0.00614672 -0.0152238 0.999865 10.355
0.999912 -0.0132377 -0.000327973 0.241729 0.0132413 0.999775 0.0165676 0.70764 0.000108583 -0.0165705 0.999863 11.3489
0.999914 -0.0126756 0.00330688 0.315936 0.0126146 0.999761 0.0178551 0.812259 -0.00353241 -0.0178118 0.999835 12.3407
0.999851 -0.0153109 0.00793322 0.342453 0.0151462 0.999677 0.0204222 0.918862 -0.00824334 -0.020299 0.99976 13.3346
0.999792 -0.0161173 0.0125293 0.379264 0.0158464 0.999645 0.021428 1.0147 -0.0128702 -0.0212249 0.999692 14.3293
0.99981 -0.0162741 0.010691 0.411277 0.0160359 0.999629 0.0219967 1.11287 -0.011045 -0.0218211 0.999701 15.324
0.999787 -0.0170725 0.0116293 0.519288 0.0167884 0.999569 0.0240998 1.20447 -0.0120358 -0.0238994 0.999642 16.3139
0.999789 -0.0152547 0.0137632 0.56731 0.0149033 0.999569 0.0252848 1.33034 -0.014143 -0.0250743 0.999586 17.3048
0.999777 -0.0157657 0.0140656 0.705254 0.0154115 0.99957 0.0249443 1.42214 -0.0144528 -0.024722 0.99959 18.291
0.999703 -0.0187198 0.0156049 0.763556 0.0183567 0.999565 0.0230949 1.49725 -0.0160304 -0.0228016 0.999611 19.2864
0.999738 -0.016631 0.0157252 0.815788 0.0162607 0.999594 0.023389 1.6034 -0.0161078 -0.0231271 0.999603 20.2794
0.999666 -0.0168663 0.019592 0.891352 0.0164379 0.999627 0.0218261 1.66938 -0.0199529 -0.0214968 0.99957 21.2744
0.999537 -0.0185447 0.0241178 0.95718 0.0180844 0.999653 0.0191629 1.75844 -0.0244648 -0.0187179 0.999525 22.2682
0.999438 -0.0201922 0.0267661 1.00325 0.0197527 0.999667 0.0165861 1.84481 -0.0270921 -0.016048 0.999504 23.2634
0.999402 -0.0216177 0.0269792 1.02535 0.0211703 0.999635 0.016762 1.93499 -0.0273317 -0.0161808 0.999495 24.2591
0.999348 -0.0223455 0.0283504 1.03955 0.0218769 0.999621 0.0167333 2.03163 -0.0287136 -0.0161022 0.999458 25.2543
0.999278 -0.022665 0.0304961 1.1437 0.0221933 0.99963 0.0157193 2.12901 -0.0308411 -0.0150312 0.999411 26.2441
0.999385 -0.0210501 0.0280463 1.2871 0.0205917 0.999651 0.0165313 2.31346 -0.0283845 -0.0159436 0.99947 27.2164
0.999547 -0.0202279 0.0222975 1.35672 0.0198421 0.999652 0.0173917 2.41826 -0.0226415 -0.0169414 0.9996 28.2085
0.999478 -0.0214011 0.0242141 1.41363 0.0210038 0.999642 0.0165449 2.5098 -0.0245595 -0.0160276 0.99957 29.2027
0.999237 -0.0221022 0.0322001 1.53211 0.0216003 0.999641 0.0158522 2.59967 -0.0325389 -0.0151446 0.999356 30.1915
0.999229 -0.0228721 0.0319076 1.58497 0.0223962 0.999634 0.0151944 2.69324 -0.0322435 -0.0144681 0.999375 31.1857
0.999338 -0.0259936 0.0254659 1.64065 0.0255821 0.999539 0.0163546 2.81049 -0.0258793 -0.0156923 0.999542 32.1773
0.999577 -0.0253897 0.0141533 1.80953 0.0251527 0.999544 0.0166792 2.91193 -0.0145704 -0.0163162 0.999761 33.1577
0.999605 -0.027417 0.00623514 1.8787 0.0273118 0.999493 0.0163729 3.02406 -0.00668088 -0.0161961 0.999847 34.149
0.999643 -0.0267252 -0.000632202 1.9019 0.0267323 0.999482 0.017897 3.1159 0.000153572 -0.0179075 0.99984 35.1445
0.999606 -0.0277603 0.004101 1.93785 0.0276821 0.999454 0.0180405 3.19879 -0.00459957 -0.0179199 0.999829 36.1404
0.99956 -0.0277776 0.0103642 1.99221 0.0275904 0.999461 0.0177934 3.28829 -0.0108528 -0.0174997 0.999788 37.1349
0.999503 -0.0271082 0.0161117 2.01273 0.0268489 0.99951 0.016102 3.37711 -0.0165403 -0.0156614 0.999741 38.1307
0.999369 -0.0285447 0.0211537 2.07421 0.0282584 0.999507 0.0137118 3.46193 -0.0215346 -0.0131053 0.999682 39.1252
0.999424 -0.0289817 0.0176372 2.13434 0.0287366 0.999489 0.0139944 3.55932 -0.0180338 -0.0134795 0.999747 40.1187
0.999459 -0.0309049 0.0112606 2.18681 0.030746 0.999429 0.0140183 3.65241 -0.0116874 -0.0136645 0.999838 41.1129
0.999526 -0.0305731 0.00367956 2.27601 0.0305179 0.999433 0.0142185 3.74155 -0.00411217 -0.0140995 0.999892 42.1049
0.999567 -0.0292932 0.00281595 2.30784 0.0292477 0.999459 0.0150178 3.80718 -0.00325435 -0.0149289 0.999883 43.1023
0.999516 -0.0294815 0.0099461 2.34009 0.0293196 0.999441 0.0160499 3.90297 -0.0104137 -0.0157505 0.999822 44.0972
0.999394 -0.0306946 0.0164348 2.39789 0.0304151 0.999393 0.016997 3.96468 -0.0169466 -0.0164868 0.99972 45.0936
0.999236 -0.0299888 0.025075 2.4234 0.029585 0.999429 0.0163236 4.04231 -0.0255502 -0.0155693 0.999552 46.0902
0.99915 -0.0325391 0.0252885 2.6745 0.0321448 0.999358 0.0158445 4.07057 -0.0257879 -0.0150182 0.999555 47.0578
0.999164 -0.0322751 0.025081 2.73206 0.0318866 0.999368 0.0157372 4.17806 -0.025573 -0.0149243 0.999562 48.0503
0.999147 -0.0338027 0.0237394 2.77752 0.0334158 0.999305 0.0165103 4.27982 -0.024281 -0.015703 0.999582 49.0441
0.999111 -0.0344656 0.0242873 2.82585 0.0340811 0.99929 0.0160716 4.37529 -0.024824 -0.0152296 0.999576 50.0383
0.999314 -0.0305373 0.0209473 2.92737 0.0302038 0.999415 0.0160567 4.47044 -0.0214254 -0.015413 0.999652 51.0286
0.999269 -0.030202 0.0234361 2.99874 0.029813 0.999415 0.0167747 4.56828 -0.023929 -0.0160637 0.999585 52.0213
0.999164 -0.0294734 0.028343 3.00199 0.0289945 0.999432 0.0171629 4.65512 -0.0288328 -0.0163267 0.999451 53.0175
0.998893 -0.0324624 0.0340432 3.0446 0.0318725 0.999335 0.0177306 4.7251 -0.0345962 -0.0166259 0.999263 54.0141
0.999032 -0.0325685 0.0295616 3.14454 0.03201 0.999304 0.0191739 4.81307 -0.0301654 -0.018209 0.999379 55.0052
0.99928 -0.0293644 0.0240433 3.39214 0.028935 0.999419 0.018018 4.93927 -0.0245584 -0.0173093 0.999549 55.9658
0.999283 -0.0301512 0.0228823 3.56548 0.0297367 0.999391 0.0182448 5.03163 -0.0234185 -0.0175513 0.999572 56.9463
0.999312 -0.0312088 0.020048 3.59523 0.0308581 0.999369 0.017573 5.10637 -0.0205838 -0.0169423 0.999645 57.9431
0.99937 -0.0334399 0.0119112 3.85548 0.0332294 0.999295 0.0174543 5.09422 -0.0124865 -0.0170475 0.999777 58.9086
0.999331 -0.0349344 0.0108157 3.87831 0.0347632 0.999273 0.0156328 5.17983 -0.011354 -0.0152464 0.999819 59.9046
0.999359 -0.0352643 0.00617993 3.82463 0.0351707 0.999274 0.0146457 5.27611 -0.00669191 -0.0144189 0.999874 60.8985
0.999267 -0.0377933 0.00605175 3.80901 0.037697 0.999172 0.0153124 5.38618 -0.00662544 -0.0150731 0.999864 61.8923
0.99916 -0.0393178 0.0115886 3.81673 0.0391469 0.999127 0.0146178 5.48695 -0.0121533 -0.0141519 0.999826 62.8872
0.999085 -0.0393854 0.0166652 3.88997 0.0391249 0.999111 0.0156784 5.57766 -0.0172679 -0.015012 0.999738 63.8804
0.998788 -0.0428952 0.0241409 3.98271 0.0424855 0.998948 0.0172335 5.66741 -0.0248548 -0.016187 0.99956 64.872
0.99874 -0.0419686 0.0275046 4.03777 0.0415584 0.999019 0.0153202 5.76925 -0.0281206 -0.0141578 0.999504 65.8653
0.998501 -0.0425871 0.0343808 4.06581 0.0420614 0.998989 0.0158704 5.86143 -0.0350219 -0.0144005 0.999283 66.8607
0.997981 -0.0450596 0.0447536 4.1843 0.0444539 0.998907 0.0144406 5.96868 -0.0453554 -0.012422 0.998894 67.8478
0.998467 -0.0442877 0.0331926 4.73128 0.0439868 0.998985 0.00974253 6.12123 -0.0335904 -0.00826756 0.999401 68.6709
0.998693 -0.0439337 0.0261309 4.80379 0.0437007 0.999 0.00942247 6.20436 -0.0265188 -0.00826822 0.999614 69.6648
0.999057 -0.0411791 0.0137885 4.77323 0.0410313 0.999099 0.0108401 6.37475 -0.0142225 -0.0102641 0.999846 70.6497
0.999065 -0.0427978 0.00612968 4.91295 0.0427185 0.999008 0.0125393 6.50417 -0.00666025 -0.0122657 0.999903 71.6314
0.99933 -0.0351598 -0.010122 5.50558 0.0353485 0.999192 0.0191095 6.60931 0.0094419 -0.0194545 0.999766 72.43
0.999049 -0.0306877 -0.0309825 6.35571 0.0314844 0.999177 0.0255606 6.57374 0.0301726 -0.0265117 0.999193 72.9554
0.998986 -0.0301723 -0.0334139 6.42556 0.0311533 0.999087 0.0292383 6.66337 0.0325012 -0.0302496 0.999014 73.9489
0.999071 -0.0332313 -0.027443 6.47176 0.0339671 0.999064 0.0267954 6.76364 0.0265269 -0.0277027 0.999264 74.9428
0.999033 -0.0326518 -0.0294288 6.48064 0.0333764 0.999143 0.0244769 6.87419 0.0286044 -0.0254355 0.999267 75.9366
0.999231 -0.0301572 -0.0250721 6.46814 0.0306926 0.999303 0.0212503 6.96593 0.0244137 -0.0220035 0.99946 76.9323
0.999169 -0.0321152 -0.0250887 6.77112 0.0325941 0.99929 0.0189173 7.09239 0.0244634 -0.0197193 0.999506 77.8769
0.999295 -0.0342933 -0.0153044 6.64435 0.034577 0.999228 0.0186757 7.15964 0.0146522 -0.0191917 0.999708 78.8665
0.999378 -0.0319507 -0.0148985 6.69941 0.0322414 0.999286 0.0197002 7.2696 0.0142584 -0.0201683 0.999695 79.859
0.999589 -0.0286424 0.000763116 6.6482 0.0286186 0.999347 0.0220676 7.375 -0.00139469 -0.0220367 0.999756 80.8521
0.999841 -0.0153264 -0.00915648 6.68985 0.0158408 0.99813 0.0590322 6.42737 0.00823461 -0.0591678 0.998214 80.5354
0.999579 -0.0154811 0.0245379 6.28081 0.0138762 0.997836 0.0642774 6.52021 -0.0254798 -0.0639098 0.99763 81.4432
0.998747 -0.0209496 0.0454438 5.62998 0.0175832 0.997158 0.0732544 6.56272 -0.0468494 -0.0723636 0.996277 82.2013
0.998977 -0.0210164 0.0400442 5.69225 0.0181038 0.997258 0.0717584 6.71203 -0.0414424 -0.07096 0.996618 83.1881
0.999127 -0.021033 0.0360933 5.64312 0.0185266 0.997484 0.0684241 6.86897 -0.0374416 -0.0676956 0.997003 84.1745
0.999671 -0.0187241 0.0175297 4.74507 0.0175293 0.997666 0.0659934 6.75708 -0.0187244 -0.0656644 0.997666 83.749
0.99965 -0.0188808 0.0185158 4.44631 0.0177315 0.998018 0.060387 6.94538 -0.0196193 -0.0600376 0.998003 84.6846
0.999719 -0.0211524 0.0107255 4.46185 0.0205078 0.998163 0.0570078 7.07913 -0.0119116 -0.0567718 0.998316 85.6755
0.999806 -0.019713 5.22813e-05 4.54917 0.0196792 0.998243 0.0558982 7.21979 -0.00115411 -0.0558863 0.998436 86.6617
0.999763 -0.0198321 -0.00900242 3.55787 0.0202454 0.998622 0.0484102 7.15166 0.00802995 -0.0485809 0.998787 86.5491
0.999812 -0.0171677 -0.00905556 3.5338 0.0175929 0.998635 0.0491699 7.29067 0.00819907 -0.0493199 0.998749 87.5391
0.99991 -0.0115254 -0.00692493 3.50972 0.0118653 0.998617 0.0512187 7.4393 0.00632503 -0.0512962 0.998663 88.5277
0.999935 -0.0112254 -0.00202218 3.51453 0.0113161 0.998555 0.0525353 7.5748 0.00142953 -0.0525547 0.998617 89.5185
0.999986 -0.00474262 0.00250632 3.53558 0.00462893 0.99904 0.0435712 8.03108 -0.00271055 -0.043559 0.999047 90.4081
0.999948 -0.00452114 0.00911004 3.52121 0.00412517 0.999065 0.0430258 8.13655 -0.00929605 -0.042986 0.999032 91.4024
0.999952 -0.00806017 0.00556547 3.59829 0.00773589 0.9984 0.0560161 7.46898 -0.00600807 -0.0559703 0.998414 92.1429
0.999928 -0.0119489 -0.00102925 3.57896 0.0119877 0.998372 0.0557625 7.55947 0.000361267 -0.0557708 0.998444 93.1386
0.999839 -0.0174629 -0.0040946 3.54208 0.0175956 0.999233 0.0349925 8.47509 0.00348039 -0.0350589 0.999379 93.539
0.999928 -0.0118795 -0.00170344 3.52108 0.0118221 0.999465 -0.0305062 9.47326 0.00206493 0.0304839 0.999533 93.5957
0.999879 -0.0111875 -0.0107924 3.54077 0.0108155 0.999366 -0.0339329 8.47889 0.0111652 0.033812 0.999366 93.4915
0.999802 -0.00949598 -0.0174894 3.59301 0.00904592 0.99963 -0.025635 7.48211 0.0177264 0.0254717 0.999518 93.4306
0.999746 -0.00821234 -0.0210072 3.61626 0.00785555 0.999824 -0.0170104 6.4843 0.0211433 0.016841 0.999635 93.4924
0.999756 -0.00640727 -0.0211192 3.57401 0.00583799 0.999621 -0.0269078 7.48055 0.0212836 0.026778 0.999415 93.5678
0.999812 -0.00582218 -0.0185096 3.58235 0.00517577 0.999382 -0.0347813 8.47468 0.0187006 0.0346789 0.999224 93.6757
0.999857 -0.0142006 -0.00918757 3.66781 0.0138454 0.999196 -0.0376375 8.86799 0.00971465 0.0375049 0.999249 94.5911
0.999896 -0.0125567 0.00715134 3.65418 0.0127935 0.999337 -0.0340887 8.87665 -0.00671855 0.0341766 0.999393 95.591
0.999718 -0.0135004 0.0195492 3.67237 0.0136145 0.999891 -0.00571243 8.09313 -0.01947 0.00597697 0.999793 96.2121
0.99877 -0.0107172 0.0484045 3.70247 0.0107771 0.999941 -0.00097659 8.16129 -0.0483912 0.00149705 0.998827 97.2093
0.995082 0.000286316 0.0990554 3.72318 0.000719167 0.999949 -0.0101149 9.13979 -0.0990532 0.0101363 0.995031 97.4145
0.978008 0.000177496 0.208567 3.39011 0.000508263 0.999995 -0.00323436 9.16215 -0.208566 0.00326923 0.978003 98.3572
0.966347 0.00864153 0.257095 3.27243 -0.00582069 0.999914 -0.011731 9.91768 -0.257174 0.00983974 0.966315 99.0016
0.954594 0.0161597 0.297473 4.25921 -0.00376055 0.999102 -0.0422067 9.90318 -0.297888 0.0391716 0.953797 98.8402
0.943514 0.0165657 0.330917 5.24275 -0.00856359 0.999635 -0.025625 9.9403 -0.331221 0.0213437 0.943312 98.6634
0.9866 -0.0857198 0.138828 6.08975 0.0647946 0.986743 0.148796 9.98408 -0.149742 -0.137807 0.979074 98.1336
0.97031 -0.166715 0.175228 5.37915 0.155148 0.984819 0.0778526 9.76223 -0.185547 -0.0483549 0.981445 97.4659
0.915823 -0.312672 0.252001 4.80858 0.257124 0.938582 0.230112 9.71237 -0.308473 -0.145946 0.93997 98.2856
0.923556 -0.299039 0.240043 5.66555 0.238239 0.937974 0.251887 10.0974 -0.300478 -0.175444 0.937514 98.6282
0.924297 -0.313835 0.217217 4.73985 0.211039 0.894435 0.39427 9.78817 -0.318022 -0.318581 0.892955 98.8462
0.915416 -0.308085 0.259031 3.88454 0.185407 0.893952 0.408013 9.33011 -0.357264 -0.325475 0.875459 98.604
0.905868 -0.364139 0.216349 3.00243 0.165262 0.774161 0.611035 9.11123 -0.38999 -0.517763 0.761465 99.0212
0.922025 -0.36484 0.129468 3.82544 0.22052 0.769839 0.598931 9.19413 -0.318183 -0.523679 0.790265 98.4592
0.9096 -0.360065 0.207321 3.13858 0.163168 0.768462 0.618743 8.55137 -0.382106 -0.52898 0.757744 98.12
0.918161 -0.214606 0.333053 2.54044 0.0209827 0.865762 0.500015 8.73801 -0.395651 -0.452106 0.799412 98.8993
0.936997 -0.252591 0.241318 1.63073 0.0520164 0.783966 0.61862 8.61389 -0.345443 -0.567093 0.747713 99.2956
0.951584 -0.289488 0.103371 2.47544 0.152704 0.737049 0.658362 8.60582 -0.266777 -0.610701 0.74557 98.7604
0.934307 -0.291068 0.20579 1.58462 0.0892441 0.749911 0.655492 8.15384 -0.345117 -0.594065 0.726623 98.8068
0.923183 -0.297944 0.242823 2.19874 0.0637469 0.741695 0.667701 7.69548 -0.379038 -0.600931 0.703713 98.1644
0.914998 -0.303699 0.265604 2.90142 0.0476177 0.735007 0.676386 7.51297 -0.400638 -0.606244 0.686991 97.4767
0.910856 -0.304221 0.27891 3.65572 0.034725 0.729871 0.682703 7.35591 -0.41126 -0.612159 0.675371 96.8392
0.904607 -0.302351 0.300449 4.58489 0.0115542 0.722007 0.691789 7.49105 -0.426089 -0.622326 0.656626 96.4951
0.892009 -0.303369 0.335094 4.9601 -0.0147313 0.721424 0.692337 8.24003 -0.451778 -0.622507 0.639047 97.0413
0.879479 -0.301516 0.368245 4.51017 -0.0382942 0.726387 0.686218 8.55491 -0.474394 -0.617617 0.627296 96.2056
0.874657 -0.302235 0.378984 4.87869 -0.0463855 0.726054 0.686071 9.28861 -0.482518 -0.617656 0.621029 96.7764
0.378176 0.535354 0.755234 4.02329 0.814318 -0.580407 0.00366559 8.77172 0.440306 0.613615 -0.655445 96.8096
-0.326833 -0.39973 0.856385 3.21093 -0.814981 0.578018 -0.0412327 8.78359 -0.478525 -0.711414 -0.514688 97.3926
-0.339091 -0.400082 0.851441 4.00697 -0.814219 0.578171 -0.052592 8.72474 -0.471237 -0.711093 -0.521807 96.7902
-0.347148 -0.399871 0.848287 4.80292 -0.813614 0.578262 -0.0603739 8.65791 -0.466391 -0.711137 -0.526083 96.1886
-0.350717 -0.399921 0.846794 5.59896 -0.812475 0.579607 -0.0627684 8.59359 -0.465705 -0.710013 -0.528204 95.5867
-0.349358 -0.399455 0.847576 6.43485 -0.811604 0.581048 -0.0606884 8.61779 -0.46824 -0.709097 -0.527193 95.0384
-0.340365 -0.397387 0.852194 7.25876 -0.810354 0.583675 -0.0514801 8.61299 -0.476947 -0.708101 -0.520687 94.4717
-0.329754 -0.39794 0.856099 8.08543 -0.811811 0.582409 -0.0419744 8.62779 -0.481897 -0.708832 -0.515104 93.9092
-0.328427 -0.399985 0.855656 8.91114 -0.812859 0.58106 -0.0403775 8.64407 -0.481037 -0.708789 -0.515967 93.3453
-0.333927 -0.401546 0.852791 9.73464 -0.811789 0.582314 -0.0436834 8.65524 -0.479052 -0.706874 -0.520422 92.7781
-0.337018 -0.401434 0.851628 10.5623 -0.811545 0.582427 -0.0466154 8.66948 -0.477298 -0.706845 -0.52207 92.2171
-0.335926 -0.400917 0.852302 11.3968 -0.811417 0.582677 -0.045724 8.68311 -0.478285 -0.706932 -0.521047 91.6662
-0.340349 -0.401537 0.850253 12.2082 -0.810791 0.583274 -0.0490986 8.65777 -0.476215 -0.706088 -0.524079 91.0823
-0.345982 -0.402086 0.847716 13.0173 -0.810697 0.582936 -0.0543769 8.63348 -0.4723 -0.706054 -0.527655 90.4951
-0.353247 -0.400566 0.845437 13.834 -0.80955 0.583805 -0.0616471 8.61563 -0.468877 -0.7062 -0.530506 89.9184
-0.359489 -0.399411 0.84335 14.6602 -0.808006 0.585327 -0.0672126 8.61841 -0.46679 -0.705594 -0.533145 89.355
-0.363029 -0.398842 0.842102 15.5128 -0.807543 0.585544 -0.0708007 8.67923 -0.464849 -0.705736 -0.534651 88.836
-0.36793 -0.400487 0.839189 16.3214 -0.809252 0.582413 -0.0768596 8.6742 -0.457973 -0.707394 -0.538382 88.2477
-0.373601 -0.402232 0.835842 17.1131 -0.809395 0.581522 -0.0819335 8.6228 -0.453104 -0.707136 -0.542822 87.6388
-0.380038 -0.403363 0.832388 17.892 -0.809781 0.579995 -0.0886593 8.54285 -0.447019 -0.707746 -0.547056 87.0169
-0.388137 -0.403491 0.82858 18.6583 -0.808753 0.580209 -0.096307 8.43682 -0.441891 -0.707497 -0.551525 86.3832
-0.391637 -0.404107 0.82663 19.4407 -0.807255 0.582022 -0.0979301 8.34951 -0.441542 -0.705655 -0.554159 85.7665
-0.382872 -0.403054 0.831238 20.23 -0.807429 0.583194 -0.089124 8.28336 -0.448851 -0.705289 -0.548726 85.1562
-0.375085 -0.402097 0.835242 21.0194 -0.807007 0.584991 -0.0807826 8.19894 -0.456126 -0.704346 -0.543916 84.548
-0.368703 -0.400141 0.839014 21.7665 -0.806193 0.586963 -0.0743459 8.06572 -0.462722 -0.703819 -0.539006 83.8968
-0.34829 -0.400679 0.847437 22.5672 -0.809608 0.584245 -0.0565048 8.02203 -0.47247 -0.705772 -0.52788 83.2994
-0.335565 -0.400387 0.852694 23.3712 -0.810059 0.584676 -0.0442486 7.96459 -0.480833 -0.70558 -0.520534 82.7075
-0.32928 -0.399131 0.855727 24.1793 -0.8101 0.585003 -0.0388638 7.92338 -0.485091 -0.706022 -0.515966 82.1199
-0.326809 -0.396727 0.85779 24.9867 -0.808535 0.587321 -0.0364079 7.8962 -0.489354 -0.705452 -0.512709 81.5306
-0.319013 -0.394667 0.861666 25.815 -0.806311 0.590834 -0.0279002 7.9063 -0.49809 -0.703671 -0.506708 80.9703
-0.30088 -0.395279 0.867886 26.6391 -0.807925 0.589168 -0.0117552 7.9321 -0.506684 -0.704723 -0.496624 80.4045
-0.296229 -0.396201 0.869064 27.4776 -0.808305 0.588721 -0.00712366 7.9582 -0.508814 -0.704579 -0.494648 79.8601
-0.295704 -0.396192 0.869247 28.3164 -0.808041 0.589092 -0.0063824 7.99615 -0.509538 -0.704275 -0.494336 79.3171
-0.298611 -0.398041 0.867407 29.1613 -0.808916 0.58786 -0.00871405 8.04293 -0.506445 -0.704261 -0.497523 78.7843
-0.304337 -0.399711 0.864645 29.9915 -0.811152 0.584637 -0.0152411 8.054 -0.499411 -0.705997 -0.502153 78.2268
-0.317908 -0.401776 0.858784 30.831 -0.813245 0.581191 -0.0291449 8.07258 -0.487408 -0.707668 -0.511507 77.6838
-0.341312 -0.399137 0.850997 31.644 -0.809261 0.585313 -0.0500477 8.04296 -0.478124 -0.705761 -0.522781 77.1023
-0.34896 -0.398951 0.847977 32.4323 -0.808006 0.586449 -0.0566019 7.96392 -0.474714 -0.704922 -0.527002 76.4922
-0.350208 -0.396518 0.848603 33.2408 -0.805755 0.589493 -0.0570786 7.9309 -0.477613 -0.703755 -0.525942 75.9046
-0.346517 -0.396338 0.850201 34.0508 -0.806135 0.589275 -0.0538544 7.91115 -0.479658 -0.704039 -0.523696 75.3184
-0.342458 -0.395744 0.85212 34.8642 -0.806794 0.588639 -0.0508647 7.91009 -0.481462 -0.704905 -0.520868 74.7367
-0.335706 -0.397053 0.854196 35.6823 -0.807791 0.587806 -0.044241 7.90999 -0.484535 -0.704864 -0.518066 74.1617
-0.33318 -0.395425 0.855938 36.4732 -0.806864 0.589252 -0.0418556 7.8485 -0.487813 -0.704571 -0.515381 73.5528
-0.329589 -0.393081 0.858404 37.2962 -0.806939 0.58928 -0.0399853 7.83543 -0.490123 -0.705859 -0.511413 72.985
-0.32806 -0.391966 0.859499 38.1098 -0.806378 0.590136 -0.038659 7.78967 -0.492068 -0.705764 -0.509673 72.4053
-0.323226 -0.391032 0.861753 38.9234 -0.806598 0.590076 -0.0347839 7.75111 -0.494898 -0.706332 -0.506134 71.8252
-0.316363 -0.389793 0.864856 39.7396 -0.806528 0.59049 -0.0288907 7.7468 -0.499427 -0.70667 -0.501188 71.2475
-0.310893 -0.388453 0.867438 38.9121 -0.806879 0.590192 -0.0248908 7.75519 -0.502286 -0.707656 -0.496921 71.8089
-0.306329 -0.387286 0.869582 39.7399 -0.807384 0.589623 -0.021817 7.74667 -0.504276 -0.708769 -0.493307 71.2479
-0.306422 -0.387047 0.869655 40.5517 -0.808717 0.587733 -0.0233754 7.76618 -0.502078 -0.710468 -0.493106 70.6642
-0.323308 -0.389252 0.862528 41.358 -0.809077 0.586432 -0.0386207 7.71779 -0.490781 -0.710338 -0.504533 70.0747
-0.33218 -0.389804 0.8589 42.1543 -0.808753 0.586291 -0.0467026 7.64476 -0.485361 -0.710152 -0.510009 69.4742
-0.337078 -0.390061 0.856873 42.9451 -0.809064 0.585437 -0.0517712 7.55285 -0.481451 -0.710716 -0.512921 68.8691
-0.342772 -0.389061 0.855067 43.7411 -0.806449 0.588701 -0.0554198 7.46137 -0.481817 -0.708564 -0.515547 68.2708
-0.329138 -0.388245 0.860775 44.5601 -0.806611 0.589552 -0.0425144 7.43933 -0.490966 -0.708304 -0.507206 67.6975
-0.321507 -0.389549 0.863067 45.3802 -0.807735 0.588489 -0.0352779 7.40875 -0.494163 -0.708472 -0.503856 67.126
-0.324303 -0.39149 0.861141 46.1887 -0.807314 0.589008 -0.0362584 7.39593 -0.493024 -0.706969 -0.507072 66.5377
-0.326697 -0.393921 0.859124 46.9973 -0.807132 0.589226 -0.0367578 7.40987 -0.491738 -0.705435 -0.510445 65.9495
-0.325496 -0.396153 0.858554 47.808 -0.807018 0.589551 -0.0339277 7.40392 -0.492721 -0.703912 -0.511599 65.364
-0.328633 -0.399267 0.855912 48.6151 -0.808729 0.587037 -0.036675 7.38183 -0.487809 -0.704254 -0.515819 64.774
-0.337027 -0.401482 0.851601 49.4349 -0.808984 0.586197 -0.0438017 7.37769 -0.48162 -0.703694 -0.522357 64.2015
-0.34404 -0.401979 0.848557 50.2507 -0.809019 0.5856 -0.0505992 7.34698 -0.476575 -0.703908 -0.526678 63.6239
-0.351049 -0.400209 0.846521 51.0441 -0.807767 0.58668 -0.0576139 7.29191 -0.473579 -0.704017 -0.529229 63.0176
-0.356204 -0.399659 0.844625 51.8359 -0.807174 0.586978 -0.0626644 7.22008 -0.470732 -0.704081 -0.531678 62.4112
-0.359035 -0.398531 0.843959 52.6178 -0.806847 0.587059 -0.0660287 7.13722 -0.469139 -0.704652 -0.532328 61.7932
-0.35803 -0.396883 0.845162 53.4076 -0.80558 0.588943 -0.064698 7.0654 -0.472075 -0.70401 -0.530581 61.184
-0.350936 -0.396643 0.848244 54.2077 -0.806345 0.588557 -0.05839 7.00873 -0.47608 -0.704468 -0.526377 60.587
-0.346176 -0.397484 0.849805 54.9963 -0.807313 0.587648 -0.0540026 6.93735 -0.477921 -0.704753 -0.524323 59.9761
-0.342172 -0.394734 0.852704 55.8062 -0.806739 0.588684 -0.0512138 6.89439 -0.481757 -0.705433 -0.519879 59.3911
-0.334742 -0.394713 0.855657 56.5993 -0.809975 0.584561 -0.0472141 6.84471 -0.481548 -0.708866 -0.515385 58.7841
-0.334483 -0.393939 0.856115 57.395 -0.809382 0.585411 -0.0468487 6.78691 -0.482724 -0.708594 -0.514657 58.1812
-0.334139 -0.394599 0.855946 58.2166 -0.808676 0.586508 -0.0453006 6.77913 -0.484143 -0.707319 -0.515078 57.6112
-0.337001 -0.394558 0.854842 59.0241 -0.808919 0.585919 -0.0484627 6.72997 -0.481747 -0.70783 -0.516621 57.0233
-0.344868 -0.394612 0.851673 59.8325 -0.808763 0.58544 -0.0562366 6.6929 -0.476412 -0.708196 -0.521047 56.4359
-0.355601 -0.396383 0.846421 60.6161 -0.807686 0.586031 -0.064887 6.60357 -0.470309 -0.706716 -0.528547 55.821
-0.366065 -0.396771 0.841766 61.3927 -0.80533 0.588327 -0.072909 6.50247 -0.466305 -0.704588 -0.534897 55.1993
-0.362021 -0.393948 0.844835 62.173 -0.804089 0.590465 -0.0692259 6.42527 -0.471574 -0.704383 -0.53053 54.5786
-0.351528 -0.39173 0.85028 62.9642 -0.803987 0.59163 -0.0598207 6.34256 -0.479618 -0.704643 -0.52292 53.9727
-0.342995 -0.391624 0.853806 63.7555 -0.806492 0.588781 -0.0539258 6.30966 -0.481586 -0.707084 -0.517791 53.3621
-0.33913 -0.39261 0.854897 64.5634 -0.80567 0.590378 -0.0484723 6.27463 -0.485681 -0.705204 -0.516529 52.7739
-0.330593 -0.391756 0.858624 65.3633 -0.804518 0.592622 -0.0393714 6.22679 -0.493415 -0.703795 -0.511091 52.1756
-0.311605 -0.391591 0.865771 66.1764 -0.805031 0.592839 -0.0216004 6.19791 -0.504804 -0.703703 -0.499974 51.5942
-0.303771 -0.392637 0.868078 66.9929 -0.805693 0.592165 -0.0141007 6.17655 -0.508509 -0.703688 -0.496228 51.0174
-0.300025 -0.392919 0.869252 67.8251 -0.804558 0.593801 -0.00928566 6.19251 -0.512515 -0.70215 -0.494281 50.4631
-0.289488 -0.390785 0.873776 68.6636 -0.805019 0.593248 -0.0013859 6.19283 -0.517824 -0.703807 -0.486328 49.9182
-0.285606 -0.388818 0.875928 69.4907 -0.805458 0.592652 0.000444887 6.19574 -0.519294 -0.705397 -0.482442 49.3561
-0.287583 -0.389651 0.87491 70.3261 -0.806951 0.590615 -0.00220737 6.22218 -0.515875 -0.706644 -0.48428 48.8071
-0.29467 -0.390041 0.872375 71.1448 -0.807206 0.590205 -0.00877475 6.23219 -0.511457 -0.706771 -0.488759 48.2329
-0.30147 -0.390084 0.870029 71.9678 -0.807554 0.58959 -0.0154752 6.23287 -0.506924 -0.707261 -0.492757 47.6649
-0.306673 -0.391181 0.867715 72.7912 -0.807827 0.589082 -0.0199389 6.21991 -0.503356 -0.707078 -0.496663 47.0977
-0.309085 -0.392471 0.866275 73.6075 -0.807946 0.588864 -0.0214856 6.22008 -0.501686 -0.706545 -0.499105 46.5201
-0.310047 -0.390247 0.866936 74.4348 -0.807983 0.588718 -0.023955 6.21296 -0.501032 -0.707897 -0.497844 45.9583
-0.313939 -0.38711 0.866942 75.259 -0.806445 0.590631 -0.028301 6.1986 -0.501087 -0.708026 -0.497605 45.3922
-0.320167 -0.386909 0.864751 76.0839 -0.804354 0.593269 -0.0323636 6.17181 -0.500508 -0.705927 -0.501157 44.8274
-0.323497 -0.386428 0.863727 76.9022 -0.803516 0.594249 -0.035081 6.16384 -0.499712 -0.705367 -0.502738 44.2528
-0.324389 -0.386935 0.863165 77.7176 -0.804 0.593533 -0.0360884 6.14677 -0.498353 -0.705691 -0.503631 43.6742
-0.329232 -0.38664 0.861461 78.5523 -0.803235 0.594301 -0.0402459 6.1544 -0.496406 -0.705206 -0.506226 43.1235
-0.331213 -0.388653 0.859795 79.3857 -0.804235 0.592837 -0.0418299 6.13876 -0.493461 -0.705332 -0.508924 42.571
-0.334043 -0.388641 0.858704 80.1996 -0.803989 0.592986 -0.0443784 6.10672 -0.491953 -0.705213 -0.510546 41.9909
-0.337165 -0.387988 0.857779 81.0039 -0.805358 0.59073 -0.0493627 6.03261 -0.487563 -0.707463 -0.511643 41.4013
-0.343331 -0.38738 0.855605 81.8164 -0.805824 0.589455 -0.0564758 5.96238 -0.482464 -0.708857 -0.514539 40.8226
-0.349403 -0.38654 0.853525 82.6126 -0.805442 0.589336 -0.0628235 5.88831 -0.478729 -0.709415 -0.517251 40.2221
-0.353006 -0.385528 0.852499 83.4203 -0.802841 0.592704 -0.0644033 5.84564 -0.48045 -0.707156 -0.518746 39.6341
-0.350595 -0.384891 0.853781 84.2122 -0.801255 0.595238 -0.0606885 5.79524 -0.484844 -0.705373 -0.517083 39.0255
-0.337257 -0.385606 0.858816 85.0422 -0.801632 0.59595 -0.0472207 5.7618 -0.493603 -0.70438 -0.510102 38.4687
-0.334673 -0.385686 0.859791 85.8617 -0.801699 0.596056 -0.0446811 5.74069 -0.495251 -0.704247 -0.508687 37.8961
-0.338459 -0.386413 0.85798 86.6484 -0.801482 0.596113 -0.0476962 5.66974 -0.493023 -0.703799 -0.511463 37.2828
-0.339543 -0.387098 0.857243 87.4112 -0.802897 0.594036 -0.049773 5.53535 -0.489966 -0.705178 -0.512501 36.6503
-0.344859 -0.386509 0.855384 88.1753 -0.803349 0.59287 -0.0559898 5.44381 -0.485491 -0.706481 -0.514959 36.0118
-0.352058 -0.385723 0.852803 88.959 -0.803455 0.591921 -0.0639598 5.31669 -0.480121 -0.707706 -0.518301 35.4038
-0.35865 -0.384322 0.850686 89.7455 -0.801827 0.593449 -0.0699433 5.23254 -0.477958 -0.707188 -0.521 34.792
-0.35856 -0.385691 0.850104 90.5363 -0.801668 0.593806 -0.0687214 5.1419 -0.478292 -0.706142 -0.522111 34.1865
-0.354295 -0.385301 0.852067 91.3704 -0.800735 0.595632 -0.0636089 5.11234 -0.48301 -0.704816 -0.519553 33.6358
-0.349872 -0.386536 0.853334 92.1603 -0.801735 0.594728 -0.059321 5.03489 -0.484572 -0.704903 -0.517978 33.0274
-0.343337 -0.386962 0.855792 92.9723 -0.801231 0.596099 -0.0519102 5.01196 -0.490049 -0.70351 -0.514709 32.4442
-0.335569 -0.386982 0.858859 93.7938 -0.801159 0.596824 -0.0441093 4.97201 -0.495518 -0.702884 -0.51031 31.8754
-0.32812 -0.385268 0.8625 94.6149 -0.801294 0.597054 -0.0381391 4.95527 -0.500265 -0.70363 -0.504619 31.3048
-0.325003 -0.384107 0.864196 95.4227 -0.801627 0.596724 -0.0362483 4.90318 -0.501763 -0.704544 -0.501848 30.7178
-0.326487 -0.385162 0.863166 96.2394 -0.802051 0.596084 -0.0373859 4.86322 -0.50012 -0.70451 -0.503534 30.1421
-0.331692 -0.385878 0.860859 97.0523 -0.802219 0.59554 -0.0421486 4.83079 -0.496412 -0.704578 -0.507094 29.5605
-0.331934 -0.387256 0.860147 97.8685 -0.803156 0.594258 -0.0423935 4.82179 -0.494732 -0.704904 -0.508282 28.9828
-0.331219 -0.388303 0.85995 98.6879 -0.804017 0.593131 -0.0418524 4.80685 -0.493812 -0.705277 -0.508659 28.4098
-0.336214 -0.387775 0.858249 99.5145 -0.802582 0.594791 -0.0456677 4.79493 -0.49277 -0.704169 -0.511198 27.8472
-0.339927 -0.386891 0.857184 100.318 -0.80206 0.595195 -0.049425 4.71873 -0.49107 -0.704314 -0.512633 27.2569
-0.342402 -0.383637 0.857662 101.14 -0.80091 0.596438 -0.0529545 4.70693 -0.491227 -0.705042 -0.51148 26.6867
-0.342483 -0.384432 0.857273 101.968 -0.800407 0.597201 -0.0519587 4.70034 -0.49199 -0.703962 -0.512233 26.1263
-0.340159 -0.385664 0.857645 102.78 -0.801287 0.596212 -0.049703 4.65597 -0.49217 -0.704127 -0.511834 25.5444
-0.338549 -0.386056 0.858105 103.604 -0.80109 0.596646 -0.0476276 4.65594 -0.493598 -0.703544 -0.51126 24.978
-0.319525 -0.406766 0.85583 103.9 -0.811493 0.583806 -0.0254957 4.13352 -0.489268 -0.702647 -0.516628 24.1785
-0.318356 -0.4076 0.855869 104.709 -0.811977 0.583183 -0.024294 4.11651 -0.489226 -0.702681 -0.516621 23.59
-0.318439 -0.409 0.85517 105.499 -0.813608 0.58087 -0.0251509 4.10498 -0.486456 -0.703782 -0.517737 22.9767
-0.321703 -0.407273 0.854772 106.327 -0.813632 0.580628 -0.029568 4.14469 -0.484262 -0.704982 -0.518161 22.4187
-0.328549 -0.406818 0.852382 107.133 -0.813675 0.580159 -0.0367353 4.11519 -0.479572 -0.705631 -0.521628 21.827
-0.331919 -0.404808 0.852033 107.936 -0.81243 0.581676 -0.0401319 4.09749 -0.479362 -0.705538 -0.521947 21.2309
-0.334576 -0.404447 0.851165 108.741 -0.811136 0.583374 -0.0416397 4.05799 -0.479706 -0.704342 -0.523245 20.6398
-0.337327 -0.405928 0.849372 109.54 -0.811531 0.582663 -0.0438349 4.02014 -0.477103 -0.704078 -0.525972 20.0394
-0.342184 -0.406757 0.847029 110.334 -0.810303 0.584136 -0.046835 4.00184 -0.47573 -0.702377 -0.529479 19.431
-0.34141 -0.405937 0.847735 111.137 -0.80961 0.585175 -0.0458449 3.97438 -0.477463 -0.701986 -0.528435 18.8362
-0.340555 -0.404354 0.848835 111.921 -0.808916 0.586176 -0.045307 3.97166 -0.479246 -0.702065 -0.526714 18.2152
-0.343905 -0.403597 0.847844 112.712 -0.807159 0.588437 -0.0472897 3.92725 -0.479817 -0.700608 -0.528133 17.6054
-0.346739 -0.401818 0.847535 113.514 -0.80662 0.588883 -0.0508094 3.90195 -0.478682 -0.701256 -0.528303 17.009
-0.348305 -0.401549 0.84702 114.307 -0.805941 0.589722 -0.0518423 3.84782 -0.478689 -0.700705 -0.529028 16.4013
-0.343047 -0.401423 0.849222 115.115 -0.806216 0.58976 -0.0468975 3.83296 -0.482011 -0.700744 -0.525949 15.813
-0.334103 -0.400446 0.85324 115.931 -0.805065 0.592006 -0.0373964 3.82128 -0.490148 -0.699408 -0.520176 15.2344
-0.32884 -0.399434 0.855755 116.713 -0.803564 0.594393 -0.031345 3.75491 -0.496134 -0.697961 -0.516431 14.6145
-0.320093 -0.400175 0.85872 117.514 -0.802991 0.595594 -0.0217644 3.72799 -0.502739 -0.696511 -0.511982 14.0172
-0.30452 -0.399754 0.86456 118.324 -0.802346 0.596822 -0.00664879 3.7405 -0.513331 -0.695701 -0.502485 13.4305
-0.289768 -0.400031 0.869488 119.142 -0.804056 0.594528 0.00556688 3.73536 -0.519162 -0.697504 -0.493922 12.8551
-0.288222 -0.401298 0.869418 119.968 -0.806293 0.591489 0.00571851 3.7514 -0.516546 -0.699357 -0.494044 12.292
-0.298934 -0.400527 0.86615 120.812 -0.804543 0.593887 -0.00304433 3.77167 -0.513176 -0.697765 -0.499774 11.7564
-0.30991 -0.399798 0.862622 121.634 -0.805034 0.593054 -0.0143589 3.80893 -0.505841 -0.69889 -0.505645 11.1881
-0.318893 -0.398482 0.859953 122.428 -0.805632 0.591911 -0.0244725 3.79078 -0.499264 -0.70061 -0.509786 10.58
-0.327434 -0.39895 0.856519 123.239 -0.806037 0.590951 -0.0328823 3.76341 -0.493043 -0.701153 -0.515066 9.99641
-0.335214 -0.39882 0.853565 124.05 -0.80436 0.592869 -0.0388777 3.73299 -0.490548 -0.699606 -0.519533 9.4117
-0.337725 -0.397851 0.853028 124.861 -0.802361 0.595502 -0.039924 3.71673 -0.492096 -0.69792 -0.520336 8.82721
-0.332681 -0.397836 0.855014 125.672 -0.802737 0.595284 -0.0353557 3.69118 -0.494911 -0.698114 -0.517398 8.24281
-0.331637 -0.398539 0.855093 126.457 -0.80275 0.595354 -0.0338556 3.63866 -0.49559 -0.697653 -0.517369 7.62512
-0.330822 -0.400336 0.854569 127.268 -0.80299 0.595129 -0.0320566 3.62238 -0.495746 -0.696815 -0.518348 7.0406
-0.332798 -0.402218 0.852916 128.078 -0.803818 0.593928 -0.0335556 3.60692 -0.493074 -0.696756 -0.520969 6.45412
-0.336732 -0.403817 0.850614 128.841 -0.804148 0.593297 -0.0366777 3.51705 -0.489856 -0.69637 -0.52451 5.81368
-0.340329 -0.405915 0.84818 129.606 -0.804938 0.592033 -0.0396484 3.44343 -0.486056 -0.696226 -0.528223 5.17365
-0.341131 -0.408458 0.846635 130.373 -0.805001 0.592007 -0.0387424 3.38379 -0.485389 -0.694759 -0.530761 4.53579
-0.332303 -0.408241 0.850244 131.169 -0.804416 0.593333 -0.0295049 3.36095 -0.492433 -0.693754 -0.525562 3.93002
-0.322729 -0.408223 0.853932 131.979 -0.804914 0.59303 -0.020705 3.37078 -0.497955 -0.694024 -0.519972 3.34339
-0.311728 -0.409127 0.857578 132.806 -0.805968 0.591864 -0.0106056 3.38292 -0.503231 -0.694487 -0.514244 2.78151
-0.304057 -0.408579 0.860589 133.639 -0.805066 0.593179 -0.00281874 3.42517 -0.509331 -0.693687 -0.509293 2.23017
-0.298755 -0.407562 0.862925 134.45 -0.805532 0.592551 0.000979329 3.42722 -0.511726 -0.694821 -0.505332 1.64551
-0.29411 -0.40671 0.86492 135.272 -0.805924 0.592004 0.00432895 3.41171 -0.513796 -0.695786 -0.501892 1.07634
-0.289456 -0.405853 0.86689 136.097 -0.806298 0.59146 0.00768117 3.39949 -0.515848 -0.696748 -0.49844 0.510423
-0.298581 -0.407032 0.863235 136.935 -0.807638 0.589678 -0.0013062 3.44459 -0.508499 -0.697571 -0.5048 -0.0329507
-0.317939 -0.407009 0.856305 137.748 -0.808656 0.587914 -0.0208063 3.4422 -0.494965 -0.699071 -0.516051 -0.615037
-0.335097 -0.40655 0.849957 138.563 -0.807558 0.588637 -0.0368253 3.43382 -0.485345 -0.69873 -0.525563 -1.19409
-0.344419 -0.407147 0.845935 139.351 -0.806837 0.589059 -0.0449869 3.37993 -0.479989 -0.698027 -0.531384 -1.80736
-0.35167 -0.406526 0.843247 140.167 -0.805878 0.589817 -0.0517371 3.36681 -0.476329 -0.697748 -0.535031 -2.38628
-0.355088 -0.405946 0.842093 140.978 -0.804956 0.590815 -0.0546153 3.35622 -0.475351 -0.697241 -0.53656 -2.97056
-0.35471 -0.407105 0.841692 141.746 -0.805735 0.589783 -0.0542933 3.26554 -0.474313 -0.697439 -0.537221 -3.60426
-0.351764 -0.407773 0.842605 142.544 -0.805587 0.590309 -0.050634 3.22711 -0.47675 -0.696603 -0.536146 -4.20571
-0.347385 -0.40673 0.844923 143.336 -0.805522 0.590712 -0.0468285 3.18249 -0.48006 -0.696872 -0.532835 -4.81518
-0.346831 -0.406033 0.845486 144.142 -0.803741 0.593291 -0.044787 3.1593 -0.483434 -0.695085 -0.532117 -5.4064
-0.343982 -0.405095 0.847098 144.944 -0.803233 0.594181 -0.0420225 3.12193 -0.486307 -0.694871 -0.529773 -6.00284
-0.339088 -0.404251 0.849471 145.752 -0.803578 0.593979 -0.0381029 3.11466 -0.489165 -0.695536 -0.526258 -6.59174
-0.337265 -0.403683 0.850466 146.545 -0.804033 0.593421 -0.037177 3.06783 -0.489677 -0.696341 -0.524714 -7.19882
-0.337339 -0.403092 0.850717 147.349 -0.805145 0.591803 -0.0388568 3.05714 -0.487794 -0.698059 -0.524186 -7.79328
-0.336053 -0.400274 0.852554 148.152 -0.803529 0.594063 -0.0378156 3.04817 -0.491335 -0.69776 -0.521269 -8.38905
-0.327914 -0.396089 0.857663 148.971 -0.802957 0.59517 -0.0321345 3.01897 -0.497728 -0.699204 -0.513207 -8.9629
-0.318232 -0.39257 0.862912 149.8 -0.802823 0.595691 -0.0250705 3.03219 -0.504187 -0.700744 -0.504732 -9.52149
-0.314904 -0.390015 0.865288 150.628 -0.802857 0.595701 -0.0236802 3.03543 -0.506217 -0.70216 -0.500715 -10.0832
-0.314707 -0.388561 0.866014 151.454 -0.803642 0.594577 -0.0252683 3.05927 -0.505093 -0.703917 -0.499382 -10.6451
-0.318535 -0.387742 0.864981 152.273 -0.803681 0.594327 -0.0295443 3.07365 -0.502626 -0.704579 -0.500935 -11.2197
-0.326565 -0.387393 0.862138 153.092 -0.803323 0.594379 -0.0372084 3.06385 -0.498023 -0.704727 -0.505306 -11.7931
-0.338833 -0.389787 0.856305 153.903 -0.803413 0.593505 -0.0477433 3.0134 -0.489612 -0.704144 -0.514259 -12.3763
-0.350578 -0.392692 0.850228 154.695 -0.802708 0.593663 -0.0567901 3.00354 -0.482448 -0.702394 -0.523342 -12.9863
-0.360963 -0.395069 0.844764 155.494 -0.801915 0.593902 -0.0649048 2.9863 -0.476066 -0.700857 -0.531188 -13.5875
-0.365537 -0.39759 0.841608 156.289 -0.802407 0.592839 -0.0684439 2.95084 -0.471726 -0.700331 -0.535734 -14.1927
-0.369916 -0.39834 0.839337 157.069 -0.801801 0.59326 -0.0718185 2.88616 -0.469337 -0.699548 -0.538846 -14.8149
-0.375508 -0.399682 0.83621 157.854 -0.800444 0.59467 -0.0752137 2.84694 -0.467208 -0.697583 -0.543227 -15.434
-0.37745 -0.399318 0.83551 158.626 -0.800491 0.594301 -0.0775936 2.77636 -0.46556 -0.698106 -0.543969 -16.0659
-0.37959 -0.398675 0.834847 159.42 -0.800191 0.594387 -0.0799873 2.72319 -0.464333 -0.6984 -0.54464 -16.6706
-0.379854 -0.398921 0.834609 160.197 -0.800589 0.593774 -0.0805624 2.63863 -0.463431 -0.698781 -0.544919 -17.2953
-0.378068 -0.399476 0.835155 160.976 -0.800694 0.593924 -0.0783784 2.57098 -0.464709 -0.698336 -0.544401 -17.9181
-0.376311 -0.39869 0.836323 161.757 -0.799116 0.596451 -0.0752306 2.4998 -0.468832 -0.696629 -0.543051 -18.5386
-0.371113 -0.39875 0.838614 162.546 -0.799656 0.596325 -0.0703285 2.43629 -0.472043 -0.696703 -0.540167 -19.1503
-0.358062 -0.399599 0.843868 163.331 -0.799943 0.597407 -0.0565319 2.37213 -0.481543 -0.695288 -0.533565 -19.7659
-0.34548 -0.399885 0.848961 164.117 -0.800217 0.5981 -0.043922 2.31153 -0.4902 -0.694527 -0.526627 -20.3813
-0.338999 -0.400077 0.85148 164.91 -0.800349 0.59836 -0.0374971 2.2628 -0.49449 -0.694193 -0.523045 -20.9878
-0.335824 -0.400356 0.852606 165.683 -0.801478 0.596977 -0.0353651 2.19875 -0.494828 -0.695222 -0.521356 -21.6192
-0.336221 -0.400345 0.852455 166.481 -0.800849 0.597836 -0.0351003 2.15718 -0.495576 -0.694489 -0.521621 -22.2203
-0.336512 -0.398174 0.853357 167.278 -0.799223 0.600002 -0.0352054 2.13025 -0.497998 -0.69387 -0.520137 -22.8246
-0.33515 -0.397977 0.853984 168.065 -0.799502 0.599684 -0.0343014 2.08641 -0.498469 -0.694258 -0.519168 -23.4393
-0.331595 -0.397646 0.855525 168.843 -0.799188 0.600294 -0.0307441 2.05026 -0.501341 -0.69392 -0.516848 -24.0665
-0.322418 -0.395181 0.860162 169.661 -0.797804 0.602507 -0.0222368 2.02594 -0.509466 -0.69341 -0.509536 -24.642
-0.312054 -0.395741 0.86372 170.44 -0.798721 0.601563 -0.0129448 1.97212 -0.514459 -0.69391 -0.503806 -25.2665
-0.293086 -0.393204 0.871488 171.266 -0.797603 0.60317 0.00390408 1.96432 -0.527191 -0.693957 -0.490401 -25.8301
-0.286158 -0.393877 0.873484 172.093 -0.797664 0.603009 0.0105939 1.9883 -0.530892 -0.693715 -0.486738 -26.3922
-0.287936 -0.391768 0.873848 172.921 -0.79767 0.603047 0.00752673 1.99865 -0.52992 -0.694875 -0.486141 -26.9519
-0.293573 -0.389898 0.872809 173.735 -0.797631 0.603144 0.00114756 2.03761 -0.526877 -0.695842 -0.488061 -27.5313
-0.297248 -0.389244 0.871856 174.553 -0.796477 0.604666 -0.00159283 2.01873 -0.526562 -0.694887 -0.48976 -28.1061
-0.298179 -0.38993 0.871231 175.362 -0.796615 0.604484 -0.00209804 1.99715 -0.525827 -0.694661 -0.490868 -28.6934
-0.299073 -0.391047 0.870424 176.189 -0.795981 0.60532 -0.00154799 2.02055 -0.52628 -0.693303 -0.492301 -29.2559
-0.298305 -0.391446 0.870508 177.011 -0.79635 0.604835 -0.000913007 2.03221 -0.526157 -0.693501 -0.492153 -29.8251
-0.298731 -0.393799 0.8693 177.814 -0.798355 0.602185 -0.00155734 2.0343 -0.522866 -0.694475 -0.494283 -30.4211
-0.303191 -0.394967 0.867224 178.633 -0.797591 0.603184 -0.00413328 2.05505 -0.521463 -0.692943 -0.497902 -30.9942
-0.302331 -0.396075 0.867018 179.446 -0.799147 0.601121 -0.00405731 2.04903 -0.519576 -0.694102 -0.49826 -31.5767
-0.305864 -0.393627 0.866894 180.274 -0.799377 0.600758 -0.00925838 2.06209 -0.517149 -0.695807 -0.498407 -32.1379
-0.312024 -0.394635 0.864236 181.088 -0.79941 0.600614 -0.0143614 2.05197 -0.513405 -0.69536 -0.502881 -32.7181
-0.321262 -0.394406 0.86095 181.888 -0.799685 0.599957 -0.0235572 2.01318 -0.507242 -0.696057 -0.508144 -33.3171
-0.331525 -0.394282 0.857107 182.677 -0.800187 0.598783 -0.0340598 1.9602 -0.499792 -0.697137 -0.514011 -33.9288
-0.333468 -0.393549 0.85669 183.47 -0.800035 0.598853 -0.0363123 1.90511 -0.498741 -0.697491 -0.514551 -34.5355
-0.329606 -0.395339 0.85736 184.254 -0.802098 0.596257 -0.0334194 1.85115 -0.497995 -0.698702 -0.513631 -35.1544
-0.331854 -0.396095 0.856143 185.049 -0.80173 0.596678 -0.0347087 1.79995 -0.497094 -0.697914 -0.515571 -35.7584
-0.330323 -0.393401 0.857976 185.851 -0.800318 0.598632 -0.0336383 1.74569 -0.500378 -0.697765 -0.512588 -36.3531
-0.319056 -0.389339 0.864071 186.686 -0.796829 0.603799 -0.022163 1.76537 -0.513096 -0.695588 -0.502882 -36.904
-0.312258 -0.387127 0.867541 187.476 -0.795307 0.606 -0.0158398 1.70669 -0.519598 -0.694907 -0.497113 -37.5138
-0.302648 -0.386035 0.871425 188.313 -0.794115 0.607732 -0.00657656 1.71555 -0.527054 -0.694002 -0.490485 -38.0611
-0.297136 -0.386577 0.87308 189.128 -0.794809 0.606857 -0.00179822 1.69669 -0.529139 -0.694466 -0.487574 -38.6401
-0.291615 -0.387112 0.874703 189.945 -0.795474 0.60598 0.00298386 1.68246 -0.531207 -0.694933 -0.484651 -39.2164
-0.297578 -0.389161 0.871781 190.765 -0.797783 0.602936 -0.0031701 1.69011 -0.524394 -0.696435 -0.489886 -39.7884
-0.306681 -0.390237 0.868137 191.58 -0.79808 0.602448 -0.0111251 1.66229 -0.518666 -0.696255 -0.4962 -40.368
-0.31532 -0.391091 0.864651 192.401 -0.798914 0.601131 -0.0194489 1.66265 -0.512162 -0.696914 -0.501997 -40.9382
-0.324264 -0.392145 0.860857 193.21 -0.799223 0.600403 -0.0275465 1.64673 -0.506059 -0.696949 -0.508101 -41.5261
-0.32847 -0.39094 0.85981 194.017 -0.79844 0.601242 -0.0316518 1.6059 -0.50458 -0.696903 -0.509632 -42.1153
-0.322773 -0.389409 0.862658 194.838 -0.79673 0.603795 -0.0255491 1.59638 -0.510919 -0.695552 -0.505142 -42.6854
-0.314419 -0.388665 0.866072 195.645 -0.795891 0.605191 -0.01735 1.55204 -0.517395 -0.694754 -0.499619 -43.2742
-0.310467 -0.386861 0.868302 196.462 -0.795524 0.605748 -0.0145619 1.52581 -0.520339 -0.695276 -0.495822 -43.8504
-0.306503 -0.385248 0.870425 197.306 -0.793281 0.608775 -0.00989573 1.53691 -0.526081 -0.693525 -0.492201 -44.3867
-0.296207 -0.385038 0.874075 198.174 -0.793256 0.608889 -0.000598059 1.58246 -0.531984 -0.693542 -0.485791 -44.8821
-0.291183 -0.387443 0.8747 199.017 -0.796365 0.60481 0.00279113 1.62229 -0.530108 -0.695768 -0.484657 -45.419
-0.311657 -0.388425 0.867177 199.838 -0.797437 0.603178 -0.0164185 1.63008 -0.516685 -0.696636 -0.497729 -45.9889
-0.331052 -0.390433 0.85905 200.653 -0.797354 0.602586 -0.0334048 1.61766 -0.504609 -0.696026 -0.510801 -46.5683
-0.342026 -0.390939 0.854509 201.456 -0.797974 0.601053 -0.0444142 1.57715 -0.496242 -0.697067 -0.517534 -47.1635
-0.350759 -0.391109 0.850883 202.262 -0.796878 0.601913 -0.0518268 1.55258 -0.491888 -0.696228 -0.522793 -47.7544
-0.360801 -0.391703 0.846399 203.061 -0.795342 0.603196 -0.0598853 1.49049 -0.487087 -0.694783 -0.529172 -48.3525
-0.362384 -0.391196 0.845957 203.855 -0.794305 0.604476 -0.0607302 1.42618 -0.487603 -0.693956 -0.529781 -48.9572
-0.355808 -0.389863 0.849357 204.637 -0.793204 0.60657 -0.0538631 1.36832 -0.494195 -0.692878 -0.525063 -49.5782
-0.343627 -0.388073 0.855172 205.459 -0.793228 0.607398 -0.0431025 1.37027 -0.502703 -0.693158 -0.516549 -50.1473
-0.328831 -0.385999 0.861902 206.292 -0.795684 0.604828 -0.0326975 1.41615 -0.508681 -0.696554 -0.50602 -50.6988
-0.321333 -0.386666 0.864427 207.116 -0.796991 0.603417 -0.0263511 1.42823 -0.511421 -0.697408 -0.502067 -51.2644
-0.322222 -0.386961 0.863964 207.906 -0.796166 0.604511 -0.0261817 1.34913 -0.512145 -0.696295 -0.502872 -51.8723
-0.315852 -0.386221 0.866643 208.72 -0.795304 0.605887 -0.0198375 1.34075 -0.517426 -0.69551 -0.498534 -52.4544
-0.313991 -0.38933 0.865929 209.532 -0.797242 0.603398 -0.0177908 1.32922 -0.515573 -0.69594 -0.499851 -53.0372
-0.315899 -0.391416 0.864292 210.357 -0.79904 0.600948 -0.0198951 1.32929 -0.511608 -0.696889 -0.502596 -53.6028
-0.317364 -0.391883 0.863544 211.168 -0.799018 0.600943 -0.0209376 1.31696 -0.510735 -0.696632 -0.503839 -54.1874
-0.317473 -0.390532 0.864116 211.978 -0.797787 0.602581 -0.0207708 1.28566 -0.512588 -0.695974 -0.502864 -54.7731
-0.313267 -0.390205 0.865797 212.78 -0.797473 0.603123 -0.0167252 1.25735 -0.515656 -0.695689 -0.500116 -55.3695
-0.31032 -0.388427 0.867656 213.588 -0.796916 0.603912 -0.0146638 1.31225 -0.518292 -0.695999 -0.496949 -55.9568
-0.308925 -0.389353 0.867738 214.411 -0.7975 0.603172 -0.0132769 1.34441 -0.518226 -0.696123 -0.496844 -56.5232
-0.320329 -0.390235 0.863195 215.231 -0.798016 0.602161 -0.0239153 1.36184 -0.51045 -0.696505 -0.504303 -57.0949
-0.328446 -0.390315 0.860103 216.035 -0.798097 0.601693 -0.0317191 1.32627 -0.505138 -0.696864 -0.509133 -57.6883
-0.334456 -0.392092 0.856973 216.827 -0.799092 0.60005 -0.037325 1.26417 -0.499592 -0.697284 -0.514007 -58.2958
-0.338049 -0.392497 0.855376 217.648 -0.798447 0.600742 -0.0398951 1.22559 -0.498201 -0.696459 -0.516468 -58.8662
-0.341097 -0.3914 0.854669 218.466 -0.797936 0.601196 -0.0431338 1.22514 -0.496941 -0.696684 -0.517379 -59.4413
-0.342722 -0.389617 0.854833 219.281 -0.796423 0.603106 -0.0444195 1.19913 -0.498248 -0.696033 -0.516998 -60.0202
-0.339965 -0.388739 0.856333 220.08 -0.796619 0.602984 -0.0425297 1.13889 -0.499822 -0.69663 -0.51467 -60.6183
-0.336822 -0.386844 0.85843 220.898 -0.796336 0.603497 -0.0404974 1.11401 -0.502394 -0.69724 -0.511329 -61.1927
-0.335963 -0.384396 0.859865 221.707 -0.795284 0.604894 -0.0403165 1.06351 -0.50463 -0.697382 -0.508927 -61.7789
-0.336449 -0.381388 0.861014 222.506 -0.79489 0.605262 -0.0425082 1.00692 -0.504927 -0.698714 -0.506801 -62.377
-0.339434 -0.381503 0.859791 223.31 -0.794248 0.605947 -0.0446905 0.952173 -0.503938 -0.698057 -0.508687 -62.9692
-0.336896 -0.382595 0.860303 224.12 -0.796003 0.603748 -0.0432165 0.934129 -0.502872 -0.699364 -0.507947 -63.5561
-0.333428 -0.382584 0.861658 224.937 -0.796605 0.603145 -0.0404527 0.924626 -0.504228 -0.69989 -0.505874 -64.1319
-0.335161 -0.385251 0.859796 225.736 -0.797532 0.601867 -0.0412103 0.867409 -0.501607 -0.699527 -0.508972 -64.7306
-0.335598 -0.386199 0.8592 226.535 -0.798132 0.601046 -0.0415826 0.818752 -0.500359 -0.69971 -0.509948 -65.33
-0.335644 -0.386811 0.858906 227.344 -0.798442 0.600639 -0.0415158 0.786377 -0.499834 -0.699721 -0.510447 -65.9164
-0.335955 -0.387753 0.85836 228.142 -0.799309 0.599447 -0.04205 0.716983 -0.498237 -0.700221 -0.511322 -66.5152
-0.335307 -0.387306 0.858815 228.959 -0.798421 0.600715 -0.0408191 0.698569 -0.500093 -0.699383 -0.510657 -67.0923
-0.333968 -0.386025 0.859913 229.773 -0.797652 0.601814 -0.0396258 0.661619 -0.502211 -0.699145 -0.5089 -67.6721
-0.328829 -0.384597 0.862529 230.585 -0.797564 0.602185 -0.035551 0.620387 -0.505729 -0.699613 -0.504757 -68.254
-0.323412 -0.383815 0.864922 231.397 -0.797903 0.601977 -0.0312209 0.591587 -0.50868 -0.700222 -0.500934 -68.8364
-0.319375 -0.383678 0.866482 232.22 -0.798542 0.601284 -0.0280852 0.583478 -0.510226 -0.700892 -0.498418 -69.4052
-0.318174 -0.38461 0.866511 233.052 -0.798687 0.601166 -0.0264356 0.599199 -0.510749 -0.700482 -0.498458 -69.9589
-0.320776 -0.385242 0.86527 233.866 -0.798551 0.601259 -0.0283447 0.569871 -0.509332 -0.700054 -0.500505 -70.5389
-0.324684 -0.384355 0.864206 234.678 -0.798142 0.601602 -0.032301 0.541001 -0.507493 -0.700247 -0.502101 -71.1229
-0.326526 -0.385288 0.863096 235.483 -0.799328 0.599898 -0.0346055 0.508765 -0.504436 -0.701196 -0.503854 -71.7144
-0.328345 -0.385247 0.862424 236.297 -0.799495 0.599559 -0.0365624 0.46019 -0.502988 -0.701508 -0.504865 -72.2935
-0.331604 -0.385579 0.861027 237.11 -0.800128 0.598485 -0.0401411 0.405513 -0.499834 -0.702243 -0.506973 -72.8737
-0.338601 -0.384313 0.858867 237.88 -0.800678 0.597131 -0.0484658 0.302988 -0.49423 -0.704087 -0.5099 -73.503
-0.335264 -0.388047 0.858497 238.538 -0.806095 0.58982 -0.0481961 0.0192348 -0.487657 -0.708189 -0.510548 -74.2007
-0.325849 -0.387384 0.862413 239.33 -0.806857 0.589384 -0.0401146 -0.0281109 -0.492752 -0.708915 -0.504614 -74.8096
-0.315043 -0.388573 0.865886 240.132 -0.807705 0.588841 -0.0296279 -0.0650179 -0.498357 -0.708715 -0.499363 -75.4054
-0.306662 -0.388376 0.868978 240.924 -0.808448 0.58814 -0.0224412 -0.118668 -0.502365 -0.709405 -0.494342 -76.0133
-0.298911 -0.390075 0.870915 241.715 -0.809641 0.586731 -0.0150893 -0.106264 -0.505107 -0.70964 -0.491201 -76.6256
-0.294966 -0.389858 0.872357 242.543 -0.810152 0.586096 -0.0120052 -0.109459 -0.506605 -0.710283 -0.488723 -77.186
-0.298315 -0.391081 0.870668 243.373 -0.811679 0.583889 -0.0158362 -0.0996692 -0.502181 -0.711427 -0.491616 -77.7435
-0.306558 -0.389309 0.868597 244.196 -0.810138 0.585773 -0.0233797 -0.0851256 -0.499699 -0.710851 -0.494967 -78.3119
-0.310251 -0.387715 0.867999 244.997 -0.80775 0.588968 -0.0256379 -0.15062 -0.501283 -0.70908 -0.495904 -78.9061
-0.311754 -0.388922 0.866919 245.816 -0.80746 0.58935 -0.0259741 -0.182819 -0.500817 -0.708101 -0.497771 -79.4801
-0.307195 -0.390378 0.867892 246.64 -0.808354 0.588303 -0.0215028 -0.192131 -0.502189 -0.70817 -0.496288 -80.0462
-0.302974 -0.39144 0.868897 247.469 -0.808657 0.588033 -0.0170584 -0.180065 -0.504263 -0.707808 -0.494699 -80.6045
-0.304302 -0.39185 0.868247 248.272 -0.809389 0.586973 -0.018766 -0.226329 -0.502284 -0.70846 -0.495777 -81.1992
-0.309009 -0.392501 0.866289 249.091 -0.809393 0.586823 -0.0228348 -0.220939 -0.499395 -0.708224 -0.499022 -81.7729
-0.316034 -0.393277 0.863398 249.913 -0.809375 0.586572 -0.0290767 -0.224931 -0.49501 -0.708002 -0.503685 -82.3425
-0.322253 -0.392919 0.86126 250.706 -0.81009 0.585192 -0.0361344 -0.266394 -0.489804 -0.709342 -0.506879 -82.9506
-0.329298 -0.392855 0.858619 251.547 -0.808702 0.586739 -0.0416957 -0.262381 -0.487405 -0.708098 -0.510915 -83.4919
-0.330279 -0.390574 0.859283 252.317 -0.80698 0.589053 -0.0424298 -0.320291 -0.489591 -0.707438 -0.509737 -84.1268
-0.324842 -0.388454 0.862312 253.119 -0.806072 0.590622 -0.0375935 -0.362584 -0.494697 -0.707297 -0.504981 -84.7223
-0.320169 -0.388249 0.86415 253.947 -0.806007 0.59098 -0.0331087 -0.352985 -0.497841 -0.707111 -0.502145 -85.2828
-0.322518 -0.388012 0.863382 254.769 -0.806526 0.590097 -0.0360848 -0.370143 -0.495478 -0.707978 -0.503258 -85.8521
-0.322716 -0.386934 0.863792 255.366 -0.80763 0.588455 -0.0381362 -0.343343 -0.493546 -0.709932 -0.502404 -86.6544
-0.32511 -0.386534 0.863073 256.193 -0.80634 0.590135 -0.0394428 -0.339515 -0.494084 -0.708754 -0.503537 -87.2163
-0.322966 -0.38807 0.863189 257.015 -0.806731 0.589779 -0.0366912 -0.350427 -0.494852 -0.708211 -0.503547 -87.7858
-0.322962 -0.388714 0.8629 257.817 -0.806858 0.589624 -0.0363772 -0.395336 -0.494647 -0.707987 -0.504063 -88.3807
-0.324852 -0.386526 0.863174 258.638 -0.80506 0.591982 -0.0378939 -0.418249 -0.496337 -0.707216 -0.503483 -88.9511
-0.319902 -0.395028 0.861171 258.066 -0.811155 0.583871 -0.0334946 -0.0932223 -0.489582 -0.709259 -0.50721 -88.1981
-0.316507 -0.394178 0.862813 258.882 -0.810337 0.585201 -0.0299073 -0.11297 -0.493131 -0.708635 -0.504637 -88.7764
-0.312288 -0.393527 0.864646 259.681 -0.81111 0.584268 -0.0270339 -0.147952 -0.494546 -0.709766 -0.501654 -89.377
-0.309797 -0.394766 0.864977 260.496 -0.812552 0.582342 -0.0252463 -0.161939 -0.493746 -0.71066 -0.501176 -89.9561
-0.312625 -0.395232 0.863746 261.302 -0.813161 0.58135 -0.0283024 -0.171816 -0.490953 -0.711213 -0.503132 -90.5478
-0.315966 -0.396914 0.861757 262.111 -0.814207 0.579718 -0.0315212 -0.178835 -0.487064 -0.711608 -0.506342 -91.135
-0.31844 -0.398201 0.860251 262.919 -0.81441 0.579334 -0.0333042 -0.213305 -0.485111 -0.711202 -0.508782 -91.7237
-0.318269 -0.398099 0.860362 263.747 -0.814015 0.579918 -0.0327899 -0.237057 -0.485886 -0.710783 -0.508628 -92.2836
-0.32581 -0.408458 0.852649 262.866 -0.798048 0.602371 -0.0163828 -0.709059 -0.506919 -0.685793 -0.522228 -92.2436
-0.32238 -0.399338 0.858255 263.43 -0.798541 0.601607 -0.0200276 -0.43583 -0.508335 -0.691808 -0.512833 -93.0231
-0.322012 -0.398986 0.858556 264.261 -0.798009 0.602334 -0.0193879 -0.405638 -0.509402 -0.691378 -0.512353 -93.578
-0.322878 -0.399287 0.858091 265.08 -0.79741 0.603127 -0.0193985 -0.375545 -0.509792 -0.690513 -0.513131 -94.1518
-0.333954 -0.399948 0.853531 265.933 -0.789361 0.613558 -0.0213455 0.00699787 -0.515154 -0.680873 -0.520604 -94.507
-0.332725 -0.400601 0.853705 266.736 -0.788044 0.615344 -0.0183835 0.00529367 -0.517958 -0.678874 -0.520432 -95.1023
-0.329734 -0.400645 0.854845 267.543 -0.787114 0.616635 -0.0146071 0.000489274 -0.521274 -0.677677 -0.518679 -95.6933
-0.326274 -0.400855 0.856073 268.364 -0.787749 0.615882 -0.0118481 0.00897437 -0.522491 -0.678236 -0.516719 -96.2636
-0.323739 -0.401574 0.856698 269.187 -0.787765 0.615911 -0.00898315 0.0092373 -0.524042 -0.677784 -0.51574 -96.8323
-0.315594 -0.386182 0.866755 269.41 -0.786847 0.617039 -0.0115771 0.253593 -0.530351 -0.685658 -0.4986 -97.776
-0.311298 -0.384757 0.868939 270.242 -0.787609 0.616104 -0.00935703 0.271038 -0.531757 -0.687297 -0.49483 -98.3297
-0.30961 -0.383686 0.870016 271.078 -0.788128 0.615445 -0.00905127 0.306652 -0.531974 -0.688486 -0.492941 -98.8771
-0.308666 -0.382217 0.870997 271.886 -0.788479 0.614987 -0.00954969 0.266771 -0.532002 -0.689711 -0.491196 -99.4649
-0.315784 -0.380886 0.869026 272.702 -0.787227 0.616459 -0.0158716 0.28233 -0.529674 -0.689132 -0.494512 -100.043
-0.320574 -0.381843 0.866849 273.531 -0.787109 0.616506 -0.0195165 0.288175 -0.526965 -0.688561 -0.498188 -100.603
-0.321553 -0.380857 0.866921 274.354 -0.786603 0.617113 -0.0206504 0.245696 -0.527123 -0.688563 -0.498018 -101.168
-0.319126 -0.378541 0.86883 275.18 -0.78527 0.618868 -0.0187993 0.240987 -0.530575 -0.688265 -0.494754 -101.733
-0.315885 -0.381168 0.868866 276.005 -0.785678 0.61847 -0.0143219 0.242621 -0.531908 -0.687173 -0.494841 -102.298
-0.316605 -0.38083 0.868752 276.819 -0.786182 0.617796 -0.0156934 0.206529 -0.530735 -0.687966 -0.494999 -102.877
-0.318354 -0.379759 0.868582 277.644 -0.78578 0.618253 -0.0176943 0.19402 -0.530284 -0.688147 -0.49523 -103.443
-0.322993 -0.379852 0.866826 278.473 -0.785684 0.618242 -0.021838 0.19599 -0.527613 -0.688106 -0.498132 -104.002
-0.328958 -0.380509 0.864291 279.289 -0.785741 0.617966 -0.0269976 0.177861 -0.52383 -0.687991 -0.502266 -104.58
-0.336429 -0.380695 0.861328 280.092 -0.786329 0.616844 -0.0344977 0.124829 -0.518172 -0.688894 -0.506876 -105.174
-0.342243 -0.381727 0.858577 280.897 -0.785778 0.617292 -0.0387736 0.0529192 -0.515192 -0.687921 -0.511216 -105.762
-0.349079 -0.380881 0.856197 281.696 -0.784087 0.61907 -0.0442846 -0.0141223 -0.513178 -0.686791 -0.514748 -106.36
-0.352949 -0.380364 0.85484 282.502 -0.783401 0.619682 -0.0477235 -0.0578483 -0.511576 -0.686526 -0.516693 -106.95
-0.353177 -0.380104 0.854861 283.306 -0.78367 0.619289 -0.0484065 -0.113185 -0.511006 -0.687025 -0.516594 -107.542
-0.351652 -0.379681 0.855677 284.102 -0.784054 0.618864 -0.0476157 -0.163157 -0.511469 -0.687641 -0.515315 -108.145
-0.35154 -0.378552 0.856223 284.902 -0.78399 0.618895 -0.0482591 -0.213614 -0.511644 -0.688235 -0.514347 -108.743
-0.354396 -0.379989 0.854407 285.726 -0.785004 0.617385 -0.051033 -0.280169 -0.508107 -0.688799 -0.517091 -109.307
-0.364638 -0.380459 0.849876 286.512 -0.78615 0.614916 -0.062021 -0.317197 -0.499006 -0.690746 -0.52332 -109.923
-0.384973 -0.381669 0.840312 287.346 -0.783713 0.616048 -0.0792348 -0.370479 -0.487431 -0.689067 -0.536281 -110.472
-0.413003 -0.394342 0.820928 287.98 -0.787328 0.607665 -0.1042 -0.874816 -0.457759 -0.689374 -0.561445 -111.058
-0.457598 -0.396143 0.796037 288.685 -0.78302 0.603719 -0.149677 -1.00124 -0.421289 -0.691805 -0.586448 -111.757
-0.505976 -0.39505 0.766762 289.173 -0.77198 0.603937 -0.198259 -1.37031 -0.384754 -0.692239 -0.610549 -112.547
-0.53964 -0.373256 0.754632 288.444 -0.769727 0.581841 -0.262644 -2.03449 -0.341042 -0.722593 -0.60129 -112.714
-0.521309 -0.405711 0.750757 287.601 -0.760672 0.619684 -0.193314 -2.56983 -0.386802 -0.671856 -0.631659 -112.764
-0.601615 -0.413568 0.683389 288.292 -0.737198 0.616887 -0.275662 -2.80528 -0.307569 -0.669635 -0.676011 -113.447
-0.664522 -0.430205 0.611011 288.767 -0.715514 0.602137 -0.35422 -3.17406 -0.215525 -0.672573 -0.707951 -114.246
-0.740274 -0.430966 0.516007 289.554 -0.660356 0.610164 -0.437755 -3.28211 -0.126192 -0.664807 -0.73628 -114.853
-0.796308 -0.432424 0.422971 289.792 -0.603851 0.609289 -0.513937 -3.84186 -0.0354727 -0.664663 -0.746301 -115.647
-0.840174 -0.427292 0.333961 289.547 -0.540515 0.609605 -0.579849 -4.59055 0.0441801 -0.667685 -0.743132 -116.263
-0.864753 -0.425973 0.265988 289.309 -0.491421 0.608628 -0.622958 -5.33164 0.103476 -0.669417 -0.735645 -116.89
-0.880746 -0.429092 0.200416 288.926 -0.445526 0.6072 -0.657887 -6.09438 0.160601 -0.668721 -0.725961 -117.412
-0.884965 -0.442128 0.146152 288.332 -0.41201 0.597186 -0.688198 -5.81638 0.216992 -0.669247 -0.71065 -116.657
-0.890809 -0.448398 0.0734775 289.181 -0.356019 0.588308 -0.726047 -5.66679 0.282331 -0.672928 -0.683708 -117.163
-0.895117 -0.444495 0.0344931 288.595 -0.319789 0.586224 -0.744363 -6.37723 0.310645 -0.677323 -0.666884 -117.553
-0.896101 -0.443687 0.0120769 289.142 -0.301075 0.587629 -0.75103 -6.74783 0.326125 -0.676634 -0.660158 -118.303
-0.895054 -0.445841 -0.0101577 289.008 -0.284114 0.587638 -0.757602 -7.47601 0.343739 -0.675209 -0.652638 -118.976
-0.893493 -0.447115 -0.0419427 288.78 -0.258441 0.588332 -0.766207 -6.8767 0.367259 -0.673761 -0.641223 -118.208
-0.890079 -0.448991 -0.0785252 288.653 -0.228421 0.588465 -0.775586 -7.61479 0.39444 -0.672396 -0.626339 -118.871
-0.888227 -0.448558 -0.0992349 288.568 -0.210373 0.589169 -0.780143 -8.33807 0.408406 -0.672068 -0.617681 -119.556
-0.884029 -0.449012 -0.129924 288.436 -0.183809 0.58949 -0.786585 -9.10184 0.429775 -0.671483 -0.603659 -120.188
-0.881714 -0.450564 -0.139903 287.587 -0.183757 0.601097 -0.777763 -9.50137 0.434527 -0.660057 -0.61279 -119.841
-0.876436 -0.453855 -0.160863 287.195 -0.168255 0.601668 -0.780824 -10.321 0.451166 -0.657276 -0.603686 -120.259
-0.868374 -0.45596 -0.195006 286.932 -0.138425 0.600464 -0.78758 -11.0606 0.476199 -0.65692 -0.584543 -120.878
-0.862119 -0.457297 -0.218246 287.23 -0.118724 0.601026 -0.790362 -10.296 0.492601 -0.655475 -0.572448 -120.307
-0.849961 -0.459321 -0.258052 286.85 -0.0831434 0.600611 -0.795207 -11.0455 0.520244 -0.65444 -0.548685 -120.849
-0.840872 -0.457893 -0.288563 286.584 -0.0529507 0.600197 -0.798097 -11.8015 0.538638 -0.655818 -0.528935 -121.447
-0.827664 -0.462776 -0.317507 287.469 -0.0452473 0.618921 -0.784149 -11.444 0.559397 -0.634645 -0.533198 -121.745
-0.816456 -0.463611 -0.344188 287.056 -0.0219709 0.620603 -0.783817 -12.1779 0.57699 -0.63239 -0.516881 -122.285
-0.804325 -0.466232 -0.368359 286.474 -0.00338844 0.623524 -0.781797 -12.8901 0.59418 -0.627571 -0.503096 -122.676
-0.797267 -0.465909 -0.383788 285.997 0.0104522 0.625053 -0.780512 -13.6208 0.603536 -0.626288 -0.493465 -123.165
-0.794405 -0.464259 -0.391644 285.456 0.0185628 0.625941 -0.77965 -14.3259 0.607105 -0.626628 -0.488633 -123.624
-0.796586 -0.46127 -0.390743 285.008 0.0186496 0.627305 -0.77855 -15.0593 0.604237 -0.62747 -0.4911 -124.135
-0.802573 -0.460177 -0.379624 284.547 0.00766968 0.628348 -0.777894 -15.7896 0.596505 -0.627228 -0.500766 -124.639
-0.807177 -0.460004 -0.369948 284.106 -0.00355772 0.630481 -0.776196 -16.5193 0.590299 -0.625212 -0.510547 -125.161
-0.814599 -0.457666 -0.356328 283.665 -0.0136568 0.629298 -0.777044 -17.2381 0.579863 -0.628114 -0.518876 -125.699
-0.824557 -0.457196 -0.333284 283.194 -0.0340475 0.6281 -0.777387 -17.9707 0.564754 -0.629653 -0.53347 -126.19
-0.830694 -0.456487 -0.318694 284.097 -0.0604745 0.643041 -0.763441 -17.6823 0.553435 -0.614913 -0.561776 -126.508
-0.83692 -0.457817 -0.299949 283.722 -0.0783173 0.642558 -0.762224 -18.4028 0.541694 -0.614429 -0.573624 -127.091
-0.843144 -0.458836 -0.280316 283.385 -0.0963011 0.641771 -0.760826 -19.1202 0.528993 -0.614492 -0.585292 -127.701
-0.843768 -0.461489 -0.274014 283.088 -0.103471 0.640838 -0.760671 -19.8359 0.526639 -0.613477 -0.588469 -128.333
-0.845012 -0.460003 -0.272675 282.737 -0.102589 0.639896 -0.761583 -20.5456 0.524814 -0.615573 -0.587911 -128.944
-0.84947 -0.458744 -0.260682 282.372 -0.111591 0.639079 -0.761003 -21.266 0.515702 -0.617359 -0.59407 -129.533
-0.855413 -0.459898 -0.238247 281.667 -0.133427 0.640124 -0.756596 -21.9557 0.500465 -0.615414 -0.608934 -129.702
-0.860555 -0.457002 -0.224933 280.764 -0.153855 0.654191 -0.740515 -22.1685 0.485566 -0.602647 -0.633279 -129.329
-0.864695 -0.457112 -0.208208 280.489 -0.168184 0.654066 -0.737503 -22.8633 0.473304 -0.602698 -0.642447 -129.993
0.819828 0.401993 -0.40778 280.795 0.0704026 -0.777503 -0.624926 -22.1781 -0.568266 0.483623 -0.66572 -129.333
0.816603 0.401959 -0.414231 280.439 0.0655322 -0.777582 -0.625357 -22.8522 -0.573467 0.483523 -0.661317 -129.98
0.815193 0.399942 -0.418935 280.108 0.0605214 -0.778173 -0.625127 -23.5314 -0.576019 0.484244 -0.658566 -130.635
0.811613 0.40095 -0.424881 279.777 0.0574478 -0.778544 -0.624956 -24.2133 -0.581364 0.482814 -0.654909 -131.287
0.809995 0.40129 -0.427637 279.403 0.0557676 -0.778618 -0.625016 -24.8891 -0.583779 0.482411 -0.653056 -131.922
0.810856 0.402638 -0.42473 279.056 0.0596501 -0.778807 -0.62442 -25.5589 -0.582198 0.48098 -0.655518 -132.579
0.815721 0.402824 -0.415129 278.698 0.0680631 -0.779518 -0.622671 -26.2294 -0.574427 0.479671 -0.663287 -133.229
0.818256 0.403337 -0.409605 278.407 0.0723709 -0.779147 -0.62265 -26.9101 -0.57028 0.479844 -0.666731 -133.901
0.822077 0.403131 -0.402087 278.099 0.0766106 -0.778083 -0.623472 -27.5835 -0.564199 0.481738 -0.670529 -134.573
0.824897 0.403556 -0.395837 277.752 0.081111 -0.777499 -0.623632 -28.2548 -0.559433 0.482326 -0.67409 -135.228
0.827612 0.401993 -0.39174 277.374 0.0813648 -0.776462 -0.624889 -28.9224 -0.555372 0.485292 -0.675317 -135.869
0.827773 0.40262 -0.390753 277.006 0.0816197 -0.775457 -0.626103 -29.6159 -0.555094 0.486378 -0.674764 -136.489
0.826472 0.403108 -0.393 276.683 0.0812371 -0.776159 -0.625282 -30.3047 -0.557086 0.484851 -0.674221 -137.138
0.827917 0.403082 -0.389973 276.345 0.0839447 -0.77655 -0.624439 -30.9698 -0.554533 0.484247 -0.676755 -137.804
0.829154 0.401546 -0.388928 275.976 0.0854022 -0.778552 -0.621742 -31.646 -0.552459 0.482305 -0.679832 -138.441
0.829949 0.40138 -0.387399 275.644 0.0870724 -0.779164 -0.620743 -32.3109 -0.551001 0.481454 -0.681616 -139.11
0.830791 0.402183 -0.384754 275.339 0.0898744 -0.779142 -0.620372 -32.9825 -0.549281 0.480819 -0.683449 -139.786
0.831984 0.400921 -0.383492 275.046 0.0912677 -0.780713 -0.618189 -33.6441 -0.547242 0.479323 -0.686131 -140.476
0.831872 0.397426 -0.387351 274.727 0.0855043 -0.781422 -0.618117 -34.3202 -0.548341 0.481074 -0.684025 -141.14
0.82654 0.396651 -0.399374 274.414 0.074974 -0.78078 -0.620291 -34.9915 -0.557862 0.482753 -0.675085 -141.812
0.822474 0.396032 -0.408284 274.086 0.0670473 -0.780291 -0.621812 -35.6728 -0.564838 0.48405 -0.668322 -142.466
0.81677 0.395019 -0.420531 273.72 0.0567627 -0.780349 -0.622763 -36.3491 -0.574164 0.484783 -0.659788 -143.106
0.811725 0.395443 -0.4298 273.354 0.0497199 -0.780025 -0.62377 -37.0227 -0.58192 0.48496 -0.652827 -143.748
0.806512 0.396295 -0.438735 272.995 0.0433734 -0.779748 -0.62459 -37.7068 -0.589625 0.48471 -0.646064 -144.383
0.802948 0.397573 -0.444084 272.648 0.0408399 -0.779991 -0.624457 -38.3895 -0.594649 0.48327 -0.642529 -145.025
0.805124 0.397676 -0.440034 272.287 0.0442509 -0.780121 -0.624061 -39.0642 -0.591454 0.482975 -0.645692 -145.669
0.807166 0.397941 -0.436035 271.901 0.0476085 -0.780111 -0.623827 -39.737 -0.588402 0.482773 -0.648624 -146.301
0.808467 0.396208 -0.435202 271.525 0.0471415 -0.780677 -0.623155 -40.4289 -0.586651 0.483284 -0.649829 -146.917
0.806857 0.394507 -0.439712 271.153 0.0414951 -0.780342 -0.623975 -41.1051 -0.589288 0.485213 -0.645994 -147.553
0.803478 0.392926 -0.447251 270.785 0.0343366 -0.780594 -0.624095 -41.7721 -0.594344 0.486089 -0.640681 -148.201
0.797819 0.391597 -0.458407 270.407 0.0228584 -0.779441 -0.626059 -42.4357 -0.602464 0.489003 -0.630804 -148.846
0.791466 0.391108 -0.469698 270.005 0.0137745 -0.779687 -0.626018 -43.1266 -0.611058 0.489003 -0.622483 -149.447
0.788543 0.392659 -0.473307 269.615 0.0118688 -0.779203 -0.626659 -43.8191 -0.614866 0.48853 -0.619096 -150.054
0.788575 0.394248 -0.47193 269.227 0.0132982 -0.778196 -0.627881 -44.5192 -0.614795 0.488855 -0.618909 -150.653
0.790634 0.396074 -0.466929 268.843 0.017772 -0.777119 -0.629102 -45.1913 -0.612031 0.489091 -0.621456 -151.287
0.793638 0.39228 -0.465032 268.458 0.0152504 -0.776953 -0.629374 -45.8933 -0.608199 0.492404 -0.622602 -151.885
0.79084 0.391134 -0.47073 268.015 0.00947507 -0.776869 -0.629591 -46.5837 -0.61195 0.493445 -0.618085 -152.458
0.787143 0.392275 -0.475947 267.621 0.00592444 -0.77645 -0.630151 -47.2508 -0.616742 0.4932 -0.613501 -153.09
0.783172 0.390947 -0.48353 267.2 0.00132961 -0.778675 -0.627426 -47.9399 -0.621803 0.490739 -0.610357 -153.68
0.780776 0.390677 -0.487607 266.773 -0.00100929 -0.779618 -0.626255 -48.6253 -0.624811 0.489457 -0.608312 -154.27
0.78208 0.390314 -0.485805 266.346 0.000573286 -0.780011 -0.625766 -49.3047 -0.623178 0.48912 -0.610254 -154.866
0.784526 0.390762 -0.481481 265.932 0.00592079 -0.781148 -0.624318 -49.9957 -0.620068 0.486943 -0.615144 -155.459
0.78762 0.3925 -0.474971 265.549 0.0124803 -0.78086 -0.624581 -50.6838 -0.616034 0.486005 -0.61992 -156.075
0.78977 0.394764 -0.469494 265.186 0.0180733 -0.780036 -0.625473 -51.358 -0.613137 0.485495 -0.623184 -156.718
0.795512 0.39554 -0.45903 264.82 0.0267484 -0.779738 -0.625534 -52.0116 -0.605347 0.485341 -0.630871 -157.381
0.802382 0.395817 -0.446667 264.434 0.0371283 -0.78008 -0.624577 -52.6875 -0.595655 0.484565 -0.640619 -158.008
0.807408 0.395895 -0.437446 264.036 0.0453986 -0.780934 -0.622962 -53.3642 -0.588244 0.483125 -0.648506 -158.628
0.812034 0.39426 -0.430302 263.679 0.0504227 -0.78195 -0.621299 -54.0526 -0.581428 0.482819 -0.654849 -159.26
0.815112 0.394241 -0.424459 263.338 0.0557575 -0.782696 -0.619901 -54.7264 -0.576613 0.481622 -0.659967 -159.915
0.821172 0.390453 -0.4162 262.977 0.0589939 -0.783477 -0.618614 -55.4067 -0.567623 0.483436 -0.666404 -160.553
0.819341 0.392274 -0.418093 262.601 0.0583082 -0.782502 -0.619912 -56.1003 -0.570333 0.483541 -0.664009 -161.167
0.817361 0.393503 -0.420804 262.271 0.0568295 -0.781909 -0.620797 -56.775 -0.573316 0.483501 -0.661465 -161.828
0.818365 0.393212 -0.419121 261.846 0.0565203 -0.780821 -0.622193 -57.458 -0.571912 0.485492 -0.661221 -162.422
0.820672 0.392288 -0.415461 261.477 0.0587187 -0.781143 -0.621584 -58.1368 -0.568375 0.485721 -0.664097 -163.056
0.822741 0.392538 -0.41111 261.143 0.0618195 -0.780757 -0.621769 -58.7878 -0.565045 0.48614 -0.666627 -163.738
0.824376 0.391753 -0.408576 260.805 0.0636471 -0.781386 -0.620793 -59.461 -0.562453 0.485762 -0.66909 -164.396
0.827637 0.387549 -0.405985 260.442 0.0619823 -0.782025 -0.620157 -60.141 -0.557831 0.488101 -0.671254 -165.033
0.823687 0.389612 -0.411998 260.098 0.0597091 -0.782125 -0.620255 -60.8214 -0.563892 0.486296 -0.667489 -165.68
0.820546 0.391882 -0.416092 259.752 0.0579812 -0.781281 -0.621481 -61.4964 -0.568632 0.485828 -0.663799 -166.332
0.820017 0.39328 -0.415816 259.409 0.0590045 -0.780739 -0.622065 -62.1762 -0.56929 0.485569 -0.663424 -166.98
0.820364 0.394449 -0.414021 259.073 0.0598151 -0.779232 -0.623874 -62.8495 -0.568705 0.48704 -0.662848 -167.638
0.822905 0.391017 -0.412229 258.752 0.0585572 -0.780029 -0.622998 -63.4991 -0.565153 0.488529 -0.664787 -168.327
0.819713 0.384789 -0.424273 258.35 0.0434779 -0.780398 -0.62377 -64.1567 -0.571122 0.492866 -0.656432 -168.965
0.805499 0.382319 -0.452773 257.946 0.0195865 -0.780808 -0.624464 -64.8443 -0.592274 0.494137 -0.636428 -169.568
0.800135 0.378038 -0.465694 257.46 0.00589371 -0.781307 -0.624119 -65.5314 -0.599791 0.496635 -0.627379 -170.108
0.787143 0.375539 -0.489261 257.038 -0.0142146 -0.782006 -0.623109 -66.2197 -0.616607 0.49743 -0.610212 -170.698
0.781512 0.376944 -0.497144 256.6 -0.0190134 -0.782086 -0.622881 -66.8942 -0.623601 0.496241 -0.604042 -171.292
0.787102 0.379164 -0.486524 256.1 -0.00935723 -0.781327 -0.624052 -67.5721 -0.616752 0.495745 -0.611436 -171.831
0.800676 0.381353 -0.462047 255.539 0.0108197 -0.780318 -0.62529 -68.2392 -0.598999 0.495656 -0.628908 -172.322
0.819254 0.382395 -0.427314 255.089 0.0374882 -0.77931 -0.625516 -68.9345 -0.572204 0.496437 -0.652788 -172.882
0.834603 0.376815 -0.401805 254.475 0.0493058 -0.7776 -0.626823 -69.5577 -0.54864 0.503337 -0.667567 -173.367
0.840211 0.373869 -0.392768 254.103 0.0527411 -0.777228 -0.627005 -70.2515 -0.539688 0.506101 -0.672754 -173.983
0.83862 0.372327 -0.397604 253.71 0.0477255 -0.777344 -0.627263 -70.9236 -0.542623 0.50706 -0.669665 -174.611
0.83657 0.373077 -0.401203 253.34 0.0451086 -0.776728 -0.628218 -71.6093 -0.546 0.507451 -0.666617 -175.238
0.834417 0.371321 -0.407269 252.972 0.0401218 -0.777932 -0.627066 -72.2903 -0.549671 0.506894 -0.664018 -175.871
0.834639 0.370363 -0.407687 252.563 0.039507 -0.778525 -0.626369 -72.9976 -0.549378 0.506686 -0.664419 -176.447
0.836404 0.371288 -0.403205 252.277 0.0437077 -0.778459 -0.626171 -73.6805 -0.546369 0.506109 -0.667334 -177.12
0.837532 0.373328 -0.398957 251.954 0.0481911 -0.777798 -0.626664 -74.3596 -0.544259 0.505625 -0.669422 -177.779
0.839713 0.371321 -0.396236 251.608 0.0478669 -0.777448 -0.627123 -75.0371 -0.540917 0.507637 -0.670607 -178.428
0.841249 0.366918 -0.397079 251.264 0.0440716 -0.778545 -0.626039 -75.654 -0.538849 0.509155 -0.671121 -179.136
0.838467 0.36732 -0.402553 250.889 0.0405448 -0.778695 -0.626091 -76.3464 -0.543442 0.508635 -0.667803 -179.752
0.835073 0.367584 -0.409311 250.57 0.0351301 -0.778124 -0.627127 -77.035 -0.549016 0.509318 -0.662704 -180.403
0.831632 0.366966 -0.416803 250.214 0.0293892 -0.778585 -0.626851 -77.7277 -0.55455 0.509059 -0.658281 -181.031
0.82508 0.370425 -0.426648 249.825 0.0259569 -0.779161 -0.626287 -78.42 -0.564419 0.505662 -0.652485 -181.638
0.82481 0.370183 -0.42738 249.457 0.025464 -0.779429 -0.625972 -79.1072 -0.564837 0.505425 -0.652307 -182.265
0.826062 0.371151 -0.424109 249.019 0.0290261 -0.779547 -0.625671 -79.7999 -0.562831 0.504533 -0.654727 -182.838
0.829512 0.370799 -0.417633 248.711 0.0340445 -0.779973 -0.624887 -80.4949 -0.55745 0.504133 -0.659621 -183.487
0.830262 0.370537 -0.416374 248.34 0.0361006 -0.78121 -0.623224 -81.1652 -0.556203 0.502408 -0.661985 -184.13
0.832427 0.369441 -0.413011 247.974 0.0382733 -0.781878 -0.622255 -81.8531 -0.552811 0.502175 -0.664996 -184.757
0.835499 0.36856 -0.40756 247.638 0.0417647 -0.782151 -0.621688 -82.5354 -0.547903 0.502398 -0.668879 -185.406
0.835841 0.369481 -0.406021 247.315 0.0438897 -0.782212 -0.621464 -83.2121 -0.547214 0.501625 -0.670022 -186.068
0.836018 0.36698 -0.407921 246.993 0.0410378 -0.783166 -0.620458 -83.9029 -0.547165 0.501974 -0.669801 -186.715
0.832988 0.366777 -0.414253 246.671 0.0366316 -0.783624 -0.620155 -84.5826 -0.552077 0.501407 -0.666185 -187.374
0.830318 0.366383 -0.419923 246.306 0.0313389 -0.783014 -0.621214 -85.2535 -0.556408 0.502645 -0.661633 -188.02
0.827643 0.36346 -0.427672 245.938 0.0243107 -0.784493 -0.619661 -85.922 -0.560728 0.502461 -0.658116 -188.666
0.822208 0.36642 -0.435557 245.568 0.0208948 -0.784141 -0.62023 -86.6108 -0.568803 0.500858 -0.652384 -189.29
0.821727 0.371366 -0.432263 245.205 0.0276361 -0.783591 -0.620662 -87.3063 -0.56921 0.498069 -0.654161 -189.909
0.825287 0.37504 -0.422192 244.921 0.0385934 -0.783332 -0.620404 -87.9915 -0.563393 0.495718 -0.660948 -190.58
0.830809 0.373536 -0.412586 244.554 0.044128 -0.783194 -0.620209 -88.6623 -0.554805 0.497069 -0.667168 -191.225
0.8333 0.375208 -0.405992 244.234 0.0492615 -0.781877 -0.621483 -89.3536 -0.550622 0.497882 -0.670022 -191.873
0.830571 0.380158 -0.406978 244.069 0.0514102 -0.779994 -0.623672 -90.0195 -0.554534 0.497081 -0.667384 -192.6
0.825828 0.385637 -0.411451 243.832 0.0526375 -0.779152 -0.624621 -90.7145 -0.56146 0.494172 -0.663745 -193.279
0.824658 0.386847 -0.41266 243.466 0.0516752 -0.778031 -0.626097 -91.3954 -0.563266 0.494992 -0.6616 -193.913
0.824535 0.387198 -0.412576 243.151 0.0516483 -0.777639 -0.626586 -92.0804 -0.563448 0.495333 -0.661189 -194.57
0.826376 0.385544 -0.410438 242.794 0.0514751 -0.777533 -0.626732 -92.7613 -0.560762 0.496789 -0.66238 -195.21
0.827455 0.380967 -0.412531 242.486 0.0478954 -0.779859 -0.624121 -93.4399 -0.559486 0.496673 -0.663544 -195.877
0.827425 0.384332 -0.409459 242.202 0.0536891 -0.779923 -0.623568 -94.1274 -0.559004 0.493972 -0.665962 -196.545
0.829929 0.383819 -0.404847 241.893 0.0569137 -0.780169 -0.622975 -94.8059 -0.554958 0.493984 -0.669329 -197.211
0.829436 0.384309 -0.405391 241.54 0.0576703 -0.780761 -0.622163 -95.4773 -0.555616 0.492665 -0.669755 -197.863
0.830064 0.385404 -0.40306 241.219 0.0610119 -0.781183 -0.621314 -96.1443 -0.55432 0.491139 -0.671946 -198.535
0.8337 0.382504 -0.39829 240.906 0.062911 -0.782349 -0.619655 -96.8152 -0.548622 0.49155 -0.676308 -199.208
0.834741 0.38141 -0.397157 240.586 0.062826 -0.78252 -0.619447 -97.4911 -0.547047 0.492126 -0.677164 -199.872
0.831133 0.381314 -0.404743 240.274 0.0570653 -0.782503 -0.620026 -98.1797 -0.553137 0.492227 -0.672125 -200.526
0.827941 0.38142 -0.411135 239.917 0.0509591 -0.781236 -0.622152 -98.8506 -0.558495 0.494154 -0.666255 -201.176
0.82463 0.383101 -0.416195 239.627 0.0478289 -0.78034 -0.623524 -99.5396 -0.563647 0.49427 -0.661815 -201.84
0.823664 0.384965 -0.416389 239.285 0.0488903 -0.779744 -0.624187 -100.207 -0.564967 0.493763 -0.661068 -202.501
0.825098 0.382454 -0.415863 238.936 0.0476238 -0.780514 -0.623321 -100.874 -0.562979 0.494496 -0.662215 -203.16
0.825837 0.379075 -0.417488 238.61 0.0447706 -0.782084 -0.621563 -101.548 -0.562129 0.494618 -0.662845 -203.823
0.822129 0.383054 -0.421158 238.409 0.0456516 -0.781756 -0.621911 -102.205 -0.567468 0.492064 -0.660191 -204.549
0.81988 0.383596 -0.425031 238.052 0.0438822 -0.782284 -0.621374 -102.877 -0.570851 0.490801 -0.658212 -205.198
0.816528 0.385964 -0.429318 237.718 0.0427029 -0.782 -0.621813 -103.51 -0.575725 0.489395 -0.655007 -205.896
0.81682 0.383581 -0.430896 237.437 0.0397687 -0.782588 -0.621268 -104.164 -0.575521 0.490328 -0.654488 -206.6
0.816931 0.381597 -0.432444 237.109 0.0378739 -0.78369 -0.619996 -104.827 -0.57549 0.490116 -0.654673 -207.272
0.81634 0.379686 -0.435233 236.873 0.0348223 -0.784541 -0.619099 -105.505 -0.576521 0.490239 -0.653674 -207.968
0.810125 0.377759 -0.448326 236.858 0.0235005 -0.785035 -0.619005 -104.926 -0.585786 0.490936 -0.644854 -207.153
0.808052 0.378745 -0.451226 235.972 0.0195732 -0.782781 -0.62199 -105.391 -0.588787 0.493768 -0.63994 -207.155
0.793699 0.380473 -0.474639 236.677 -0.000301254 -0.780011 -0.625765 -105.501 -0.60831 0.496812 -0.61898 -207.855
0.794191 0.387844 -0.467801 236.28 0.00965354 -0.777785 -0.628456 -106.186 -0.607592 0.494598 -0.621454 -208.467
0.797422 0.38748 -0.462578 237.008 0.0131429 -0.777561 -0.62867 -106.223 -0.603279 0.495235 -0.625137 -209.151
0.798181 0.386738 -0.461889 236.645 0.0134369 -0.777964 -0.628166 -106.936 -0.602268 0.495183 -0.626152 -209.751
0.798562 0.388516 -0.459732 236.232 0.0182209 -0.77904 -0.62671 -107.597 -0.601637 0.49209 -0.629191 -210.378
0.805939 0.386297 -0.448594 235.828 0.0258872 -0.780035 -0.6252 -108.249 -0.591432 0.49226 -0.638661 -211.018
0.813148 0.38408 -0.437346 235.435 0.0335286 -0.781042 -0.623577 -108.9 -0.58109 0.492397 -0.647981 -211.668
0.809668 0.384246 -0.443614 235.093 0.0284121 -0.780651 -0.624321 -109.59 -0.586201 0.492889 -0.642985 -212.306
0.807279 0.382179 -0.44971 234.702 0.0225745 -0.78144 -0.623572 -110.266 -0.589738 0.493245 -0.639468 -212.931
0.804452 0.381088 -0.455663 234.286 0.0181835 -0.782525 -0.622354 -110.956 -0.593739 0.492368 -0.636433 -213.524
0.79942 0.379593 -0.465658 233.812 0.0078679 -0.781647 -0.623672 -111.62 -0.600721 0.494912 -0.62785 -214.102
0.791898 0.37715 -0.480266 233.385 -0.00457311 -0.782794 -0.622265 -112.286 -0.610636 0.494966 -0.618168 -214.713
0.78568 0.380023 -0.488149 232.971 -0.00845241 -0.782408 -0.622708 -112.965 -0.618575 0.493376 -0.611511 -215.319
0.783706 0.381646 -0.490052 232.616 -0.0104283 -0.78077 -0.624731 -113.661 -0.621044 0.494716 -0.607915 -215.943
0.780328 0.387786 -0.490623 232.199 -0.00606351 -0.779803 -0.625996 -114.404 -0.625342 0.491457 -0.60615 -216.467
0.783426 0.388255 -0.485285 231.764 -0.00347596 -0.778098 -0.628134 -115.082 -0.621475 0.493783 -0.608232 -217.06
0.786746 0.38837 -0.479792 231.372 0.000733747 -0.777858 -0.628439 -115.764 -0.617277 0.49407 -0.612262 -217.678
0.791921 0.390508 -0.469431 230.914 0.00884817 -0.77603 -0.630633 -116.436 -0.61056 0.495258 -0.61801 -218.26
0.797873 0.392128 -0.457858 230.976 0.0158117 -0.772872 -0.634365 -117.362 -0.602618 0.498903 -0.622854 -217.887
0.798815 0.391823 -0.456474 230.565 0.0168572 -0.773078 -0.634087 -118.051 -0.60134 0.498823 -0.624152 -218.483
0.799398 0.390611 -0.456492 230.225 0.0176656 -0.774759 -0.63201 -118.751 -0.600542 0.497164 -0.626241 -219.112
0.799155 0.390139 -0.457322 229.832 0.0166 -0.774809 -0.631977 -119.442 -0.600896 0.497456 -0.625669 -219.719
0.799424 0.390789 -0.456295 229.444 0.0184184 -0.775106 -0.631563 -120.119 -0.600485 0.496482 -0.626836 -220.344
0.801251 0.391422 -0.452533 228.99 0.0219644 -0.775061 -0.631505 -120.807 -0.597925 0.496054 -0.629615 -220.91
0.802706 0.391575 -0.449814 228.618 0.0254491 -0.77605 -0.630158 -121.502 -0.595832 0.494384 -0.632905 -221.525
0.805998 0.393113 -0.442526 228.2 0.0314857 -0.775028 -0.631142 -122.179 -0.59108 0.494766 -0.637049 -222.131
0.809245 0.393074 -0.436596 227.822 0.0366398 -0.775501 -0.630282 -122.862 -0.586328 0.494056 -0.641972 -222.756
0.81147 0.392413 -0.433046 227.426 0.0387469 -0.775514 -0.63014 -123.547 -0.583109 0.49456 -0.644511 -223.368
0.816067 0.393492 -0.423318 226.956 0.047804 -0.775884 -0.629061 -124.25 -0.575976 0.49312 -0.651984 -223.901
0.821965 0.394019 -0.411245 226.549 0.0565188 -0.774935 -0.629509 -124.916 -0.566726 0.494191 -0.659239 -224.526
0.826808 0.393033 -0.402386 226.228 0.0636198 -0.776125 -0.627362 -125.601 -0.558875 0.493108 -0.666711 -225.18
0.830054 0.396585 -0.392085 225.834 0.0732517 -0.774503 -0.628315 -126.253 -0.552851 0.492815 -0.67193 -225.828
0.832111 0.39654 -0.387746 225.476 0.0764128 -0.774437 -0.628019 -126.939 -0.54932 0.492953 -0.674719 -226.461
0.832209 0.396468 -0.387609 225.29 0.0762645 -0.774278 -0.628233 -127.597 -0.549192 0.49326 -0.674598 -227.191
0.831424 0.396349 -0.389413 225.101 0.0746363 -0.774151 -0.628586 -128.253 -0.550603 0.493557 -0.673229 -227.922
0.829742 0.396583 -0.392747 224.783 0.0726174 -0.774385 -0.628534 -128.944 -0.553403 0.493 -0.671339 -228.571
0.830417 0.395254 -0.39266 224.429 0.0706888 -0.773826 -0.629442 -129.623 -0.55264 0.494942 -0.670538 -229.214
0.829576 0.393856 -0.395828 224.171 0.0680046 -0.774855 -0.628471 -130.295 -0.554237 0.494446 -0.669585 -229.908
0.82721 0.393933 -0.400676 223.86 0.0644534 -0.774898 -0.628791 -130.959 -0.558184 0.494317 -0.666394 -230.588
0.82381 0.393503 -0.408034 223.48 0.0583026 -0.774807 -0.629504 -131.652 -0.563859 0.494802 -0.661236 -231.201
0.820352 0.391452 -0.416879 223.134 0.050378 -0.775625 -0.629181 -132.328 -0.569636 0.495148 -0.656006 -231.851
0.815048 0.389833 -0.428634 222.663 0.0397494 -0.775677 -0.629877 -133.013 -0.578028 0.496343 -0.64771 -232.407
0.805448 0.390102 -0.446176 222.271 0.0272996 -0.776451 -0.629586 -133.684 -0.592037 0.494919 -0.636041 -233.036
0.804165 0.392171 -0.446678 221.873 0.0277249 -0.775398 -0.630864 -134.358 -0.59376 0.494935 -0.63442 -233.659
0.809251 0.394238 -0.435533 221.54 0.0381491 -0.775082 -0.630708 -135.028 -0.586223 0.493786 -0.642276 -234.322
0.813718 0.395391 -0.426062 221.174 0.0465377 -0.774961 -0.630293 -135.71 -0.579393 0.493053 -0.649001 -234.955
0.819227 0.396744 -0.414079 220.813 0.0555096 -0.773529 -0.631325 -136.392 -0.570776 0.494213 -0.655719 -235.591
0.826036 0.397848 -0.399226 220.461 0.0681121 -0.773602 -0.630001 -137.064 -0.559486 0.493212 -0.666121 -236.243
0.833412 0.399094 -0.382292 220.077 0.0817991 -0.773203 -0.628861 -137.736 -0.546564 0.492829 -0.677043 -236.876
0.842731 0.400727 -0.359474 219.761 0.0995083 -0.772202 -0.627536 -138.395 -0.529057 0.493074 -0.690635 -237.559
0.851353 0.400458 -0.338868 219.493 0.114731 -0.77246 -0.624613 -139.092 -0.511893 0.492888 -0.703582 -238.224
0.857924 0.39986 -0.322612 219.195 0.125856 -0.772354 -0.622599 -139.756 -0.498123 0.49354 -0.712946 -238.91
0.860552 0.398975 -0.316655 219.031 0.129995 -0.773107 -0.620811 -140.418 -0.492496 0.493076 -0.717163 -239.641
0.861698 0.396824 -0.316238 218.759 0.128643 -0.77371 -0.620341 -141.095 -0.490843 0.493865 -0.717754 -240.325
0.858973 0.39605 -0.324514 218.741 0.122343 -0.77419 -0.621017 -141.709 -0.49719 0.493735 -0.713462 -241.114
0.855726 0.395514 -0.333618 218.47 0.115583 -0.774584 -0.621821 -142.392 -0.504354 0.493547 -0.708546 -241.792
0.851575 0.395519 -0.344072 218.206 0.107832 -0.774455 -0.623372 -143.057 -0.513023 0.493746 -0.702156 -242.49
0.845075 0.395407 -0.359862 218.028 0.0963031 -0.77465 -0.625014 -143.741 -0.525902 0.493528 -0.692717 -243.199
0.839093 0.39429 -0.374778 217.565 0.0847434 -0.775278 -0.625909 -144.457 -0.537347 0.493436 -0.683944 -243.72
-0.865769 -0.471931 -0.166509 217.842 -0.155839 0.57042 -0.806434 -143.732 0.475561 -0.672237 -0.567397 -243.089
0.873617 0.46074 -0.156566 217.999 0.195495 -0.626947 -0.754134 -142.952 -0.445618 0.628217 -0.637784 -242.483
0.872255 0.460379 -0.164992 217.744 0.188053 -0.627173 -0.755838 -143.773 -0.451451 0.628256 -0.63363 -242.995
0.871547 0.45969 -0.170561 218.14 0.182713 -0.627302 -0.75704 -142.984 -0.454997 0.628632 -0.630714 -242.525
-0.774487 -0.476495 -0.41608 218.441 0.0775044 0.58131 -0.809983 -142.189 0.627824 -0.659569 -0.413286 -241.998
-0.776563 -0.476462 -0.41223 218.017 0.0730581 0.58178 -0.810058 -141.547 0.625789 -0.659178 -0.41698 -242.636
-0.778353 -0.47726 -0.407908 217.744 0.0673051 0.582539 -0.810011 -140.682 0.624208 -0.657929 -0.421299 -243.057
-0.780116 -0.478064 -0.403576 217.469 0.0615514 0.58329 -0.809929 -139.816 0.6226 -0.656679 -0.425608 -243.475
-0.781851 -0.478875 -0.399233 217.191 0.0557972 0.584032 -0.809811 -138.95 0.620963 -0.655428 -0.429907 -243.891
-0.783559 -0.479691 -0.394881 216.911 0.0500428 0.584766 -0.809657 -138.083 0.619299 -0.654175 -0.434194 -244.303
-0.785239 -0.480514 -0.39052 216.628 0.0442883 0.585491 -0.809468 -137.216 0.617606 -0.652922 -0.43847 -244.713
-0.786892 -0.481342 -0.386149 216.342 0.0385341 0.586208 -0.809244 -136.348 0.615887 -0.651667 -0.442734 -245.119
-0.788517 -0.482176 -0.381769 216.054 0.0327803 0.586916 -0.808984 -135.48 0.614139 -0.650412 -0.446987 -245.523
-0.790114 -0.483017 -0.37738 215.764 0.0270271 0.587616 -0.808689 -134.611 0.612364 -0.649155 -0.451229 -245.924
-0.791683 -0.483863 -0.372981 215.47 0.0212748 0.588307 -0.808358 -133.741 0.610562 -0.647898 -0.455458 -246.322
-0.793224 -0.484715 -0.368575 215.175 0.0155236 0.588989 -0.807992 -132.872 0.608732 -0.64664 -0.459676 -246.717
-0.794738 -0.485572 -0.364159 214.876 0.00977379 0.589663 -0.807591 -132.002 0.606875 -0.645382 -0.463881 -247.109
-0.796223 -0.486436 -0.359735 214.575 0.00402552 0.590328 -0.807154 -131.131 0.60499 -0.644122 -0.468074 -247.498
